6579
6571
6583
6567
6577
6567
6577
6571
6579
6583
6586
6588
6586
6564
6588
6576
6593
6589
6576
6593
6589
6590
6590
6569
6599
6578
6569
6578
6595
6596
6560
6564
6592
6602
6599
6592
6600
6584
6575
6585
6604
6584
6582
6575
6585
6565
6587
6594
6582
6602
6565
6587
6594
6561
6605
6606
6604
6562
6591
6608
6595
6596
6607
6591
6564
6600
6605
6606
6615
6608
6616
6609
6611
6607
6612
6615
6596
6595
6621
6616
6617
6618
6560
6564
6622
6619
6620
6601
6611
6612
6581
6621
6572
6609
6581
6572
6603
6622
6623
6595
6596
6621
6627
6617
6618
6624
6627
6622
6561
6619
6620
6621
6562
6628
6630
6625
6564
6626
6627
6623
6622
6610
6631
6621
6596
6595
6629
6630
6624
6627
6560
6566
6580
6568
6628
6631
6622
6627
6566
6568
6580
6621
6630
6620
6634
6623
6626
6625
6627
6622
6631
6633
6629
6564
6624
6621
6596
6630
6595
6628
6627
6563
6631
6622
6633
6623
6632
6613
6621
6614
6634
6620
6630
6627
6626
6601
6625
6624
6629
6633
6603
6622
6631
6596
6564
6628
6595
6627
6621
6635
6623
6630
6561
6562
6560
6636
6633
6637
6635
6631
6632
6622
6627
6634
6621
6630
6626
6629
6637
6635
6620
6636
6625
6623
6627
6631
6633
6622
6596
6621
6595
6610
6637
6635
6630
6624
6636
6633
6632
6635
6622
6631
6634
6628
6637
6630
6623
6638
6635
6636
6620
6637
6639
6624
6633
6596
6631
6595
6629
6626
6625
6637
6635
6640
6628
6630
6632
6636
6641
6638
6633
6570
6634
6637
6631
6623
6635
6570
6639
6561
6630
6560
6574
6624
6562
6636
6620
6574
6626
6629
6637
6633
6596
6635
6631
6628
6595
6625
6640
6638
6641
6636
6623
6637
6634
6645
6639
6635
6633
6624
6642
6643
6645
6632
6637
6636
6635
6644
6628
6620
6629
6596
6626
6633
6638
6641
6595
6645
6623
6613
6614
6637
6625
6640
6639
6636
6634
6624
6645
6642
6638
6643
6628
6632
6644
6626
6629
6636
6596
6641
6620
6645
6595
6560
6623
6624
6640
6636
6625
6638
6573
6634
6645
6628
6573
6642
6643
6639
6632
6626
6629
6644
6563
6645
6596
6562
6641
6561
6595
6620
6624
6638
6645
6639
6628
6634
6625
6640
6642
6643
6632
6626
6644
6629
6645
6641
6646
6596
6595
6638
6560
6639
6645
6620
6634
6640
6625
6645
6632
6642
6641
6629
6596
6655
6638
6643
6644
6626
6595
6639
6654
6634
6642
6640
6632
6641
6643
6638
6644
6625
6596
6659
6639
6595
6562
6561
6656
6642
6640
6641
6655
6643
6639
6644
6632
6596
6638
6647
6595
6646
6659
6657
6642
6641
6643
6639
6644
6640
6660
6654
6596
6651
6664
6595
6666
6642
6643
6644
6641
6640
6648
6562
6656
6596
6595
6665
6561
6668
6650
6649
6664
6642
6663
6643
6644
6563
6666
6596
6640
6595
6673
6652
6672
6667
6642
6669
6643
6644
6657
6668
6596
6660
6671
6595
6676
6680
6681
6675
6684
6681
6677
6680
6665
6673
6684
6682
6670
6681
6683
6680
6684
6596
6595
6681
6680
6672
6676
6684
6681
6680
6741
6740
6647
6674
6684
6663
6677
6681
6682
6680
6683
6596
6684
6595
6675
6681
6742
6680
6658
6684
6681
6671
6741
6676
6680
6669
6651
6684
6744
6740
6681
6682
6667
6680
6681
6683
6596
6677
6684
6680
6595
6681
6742
6684
6680
6684
6746
6749
6747
6748
6750
6681
6682
6676
6680
6670
6751
6596
6684
6681
6683
6744
6595
6680
6684
6681
6743
6680
6684
6681
6677
6680
6681
6684
6682
6746
6749
6680
6745
6747
6753
6748
6755
6684
6676
6683
6750
6756
6674
6751
6653
6648
6785
6563
6787
6677
6760
6649
6758
6682
6759
6650
6757
6762
6785
6787
6761
6752
6683
6753
6786
6755
6791
6756
6789
6790
6754
6791
6760
6652
6758
6682
6759
6794
6762
6793
6757
6786
6761
6683
6743
6797
6795
6784
6789
6800
6745
6790
6797
6798
6785
6800
6682
6799
6787
6661
6788
6801
6794
6802
6793
6683
6785
6795
6787
6791
6792
6804
6752
6798
6682
6799
6802
6801
6787
6803
6682
6785
6791
6682
6683
6754
6683
6804
6683
6658
6796
6786
6797
6800
6791
6806
6789
6808
6790
6797
6784
6800
6682
6803
6794
6786
6793
6683
6805
6795
6788
6807
6806
6808
6797
6789
6809
6800
6790
6864
6682
6798
6861
6792
6799
6683
6794
6662
6866
6793
6867
6868
6795
6682
6786
6805
6862
6807
6683
6809
6798
6790
6789
6796
6864
6799
6784
6867
6866
6868
6682
6794
6683
6563
6793
6870
6795
6868
6866
6874
6867
6875
6682
6798
6683
6864
6861
6876
6799
6872
6870
6871
6868
6866
6867
6879
6874
6784
6788
6876
6875
6862
6868
6870
6866
6882
6881
6877
6867
6879
6878
6874
6864
6792
6653
6868
6876
6866
6867
6882
6879
6872
6870
6861
6871
6875
6874
6880
6796
6881
6868
6866
6864
6865
6879
6882
6869
6876
6867
6874
6870
6878
6868
6866
6862
6877
6879
6788
6875
6867
6881
6872
6882
6876
6868
6864
6866
6792
6874
6870
6879
6661
6867
6871
6884
6861
6868
6882
6866
6796
6878
6875
6876
6881
6874
6885
6880
6867
6870
6879
6864
6868
6863
6872
6882
6877
6866
6862
6867
6874
6879
6885
6876
6563
6868
6870
6875
6881
6866
6882
6788
6861
6885
6879
6871
6878
6867
6864
6874
6883
6868
6792
6876
6884
6866
6870
6882
6886
6885
6872
6879
6867
6880
6874
6875
6796
6868
6873
6881
6866
6877
6876
6864
6870
6885
6886
6882
6879
6868
6867
6861
6866
6874
6871
6878
6862
6887
6865
6876
6885
6886
6879
6882
6868
6881
6875
6870
6867
6866
6864
6869
6872
6874
6884
6885
6868
6877
6886
6876
6879
6866
6867
6662
6880
6882
6870
6874
6868
6861
6885
6881
6875
6866
6864
6886
6878
6879
6871
6887
6867
6876
6882
6874
6868
6889
6885
6870
6872
6866
6862
6886
6563
6879
6875
6877
6867
6868
6882
6881
6885
6874
6876
6868
6884
6864
6866
6870
6886
6866
6879
6861
6867
6878
6887
6889
6868
6882
6871
6874
6876
6885
6866
6880
6886
6881
6875
6870
6867
6883
6879
6868
6867
6872
6864
6882
6874
6866
6885
6888
6877
6886
6889
6876
6862
6870
6867
6868
6874
6879
6885
6882
6861
6881
6887
6875
6866
6864
6871
6886
6878
6865
6876
6884
6867
6885
6870
6879
6889
6882
6874
6869
6872
6886
6877
6880
6876
6867
6885
6881
6879
6870
6882
6875
6893
6879
6864
6874
6887
6863
6886
6874
6893
6892
6861
6885
6876
6889
6893
6878
6871
6882
6879
6893
6870
6862
6886
6872
6874
6875
6893
6885
6881
6864
6893
6884
6876
6882
6887
6877
6879
6882
6893
6874
6885
6886
6870
6889
6870
6893
6878
6873
6892
6881
6880
6875
6893
6882
6871
6879
6876
6885
6864
6886
6891
6876
6893
6861
6872
6874
6893
6870
6887
6883
6885
6889
6882
6893
6885
6886
6877
6893
6876
6875
6862
6864
6881
6888
6892
6878
6893
6870
6885
6884
6886
6893
6882
6893
6895
6865
6876
6889
6871
6885
6872
6893
6861
6870
6887
6875
6886
6881
6880
6893
6864
6893
6869
6876
6885
6877
6893
6886
6893
6892
6878
6862
6889
6875
6893
6881
6895
6893
6896
6864
6886
6864
6887
6886
6872
6871
6893
6884
6861
6891
6899
6889
6881
6875
6886
6877
6898
6880
6892
6890
6864
6878
6895
6894
6872
6886
6862
6887
6889
6896
6881
6900
6875
6871
6875
6861
6883
6899
6897
6864
6886
6884
6878
6877
6892
6888
6880
6898
6889
6895
6881
6887
6863
6872
6881
6901
6875
6864
6896
6871
6861
6865
6900
6899
6901
6862
6889
6895
6892
6881
6891
6875
6878
6877
6884
6869
6887
6872
6901
6898
6873
6880
6889
6902
6871
6899
6895
6875
6881
6896
6901
6861
6900
6887
6892
6878
6877
6872
6889
6897
6901
6862
6898
6881
6884
6895
6894
6902
6899
6871
6896
6901
6887
6861
6889
6880
6878
6900
6903
6872
6892
6877
6883
6904
6901
6895
6891
6888
6899
6898
6862
6889
6902
6887
6865
6896
6871
6861
6884
6878
6901
6892
6900
6872
6877
6889
6895
6904
6899
6869
6901
6903
6880
6898
6897
6887
6896
6901
6871
6892
6861
6878
6902
6889
6862
6872
6900
6872
6904
6899
6877
6895
6884
6901
6887
6898
6863
6889
6903
6894
6880
6889
6896
6890
6901
6902
6892
6891
6871
6878
6861
6878
6899
6900
6861
6895
6904
6872
6877
6901
6887
6862
6889
6883
6884
6898
6873
6896
6901
6888
6899
6897
6895
6902
6865
6892
6903
6871
6878
6880
6871
6861
6900
6889
6904
6872
6887
6901
6877
6877
6898
6869
6896
6895
6889
6862
6899
6901
6892
6902
6884
6861
6878
6871
6872
6904
6887
6900
6901
6905
6887
6891
6903
6877
6880
6899
6906
6898
6901
6894
6895
6905
6896
6892
6902
6906
6878
6871
6862
6887
6904
6861
6901
6905
6900
6884
6899
6897
6877
6906
6895
6883
6901
6880
6905
6892
6898
6901
6903
6906
6887
6896
6888
6902
6935
6904
6936
6871
6905
6865
6899
6906
6901
6900
6895
6877
6862
6884
6892
6891
6863
6906
6905
6901
6898
6887
6902
6935
6896
6880
6899
6936
6869
6903
6906
6904
6901
6937
6895
6939
6905
6940
6900
6941
6906
6938
6892
6942
6939
6940
6941
6897
6905
6884
6862
6898
6862
6906
6942
6894
6943
6899
6904
6896
6902
6937
6941
6944
6895
6873
6943
6905
6942
6906
6880
6900
6938
6941
6890
6903
6945
6944
6892
6943
6942
6905
6906
6941
6946
6899
6883
6896
6945
6904
6898
6943
6942
6944
6888
6902
6895
6906
6891
6905
6951
6884
6946
6862
6943
6900
6952
6945
6944
6865
6906
6892
6951
6892
6946
6905
6953
6880
6952
6945
6899
6880
6903
6944
6906
6904
6895
6898
6895
6896
6897
6946
6953
6902
6905
6869
6945
6900
6906
6946
6957
6892
6905
6862
6884
6895
6884
6906
6899
6904
6957
6894
6903
6898
6896
6959
6905
6906
6880
6902
6955
6900
6891
6899
6906
6892
6895
6959
6905
6899
6904
6863
6906
6862
6905
6884
6896
6883
6898
6961
6903
6902
6906
6865
6888
6906
6960
6892
6905
6899
6897
6900
6895
6880
6904
6955
6961
6906
6905
6869
6873
6906
6896
6898
6902
6962
6884
6956
6966
6905
6900
6899
6905
6906
6891
6904
6903
6965
6880
6960
6894
6905
6898
6966
6896
6896
6968
6902
6900
6905
6904
6899
6967
6969
6884
6965
6962
6890
6968
6905
6883
6897
6903
6898
6898
6969
6896
6954
6865
6975
6902
6888
6904
6973
6974
6900
6967
6970
6900
6975
6891
6958
6963
6964
6869
6903
6973
6898
6974
6902
6896
6904
6978
6900
6863
6980
6956
6897
6970
6898
6980
6972
6981
6894
6904
6902
6896
6904
6902
6903
6978
6900
7040
6977
6883
6971
6888
6873
6898
6891
7039
6981
6904
6902
7040
6865
6900
7043
7042
6903
7045
7040
7043
6963
6897
6979
6904
6869
7039
6902
6964
7045
7041
7043
7040
7038
6972
7046
7042
7045
7043
6903
6904
7046
6977
7044
7045
6894
6902
6891
7039
7049
6954
6958
7046
6888
7042
6890
6883
6903
7053
7054
6971
7049
7056
7041
7046
7039
6897
6865
6863
7057
7056
6976
7053
7054
7042
7049
7047
7044
7038
6869
7048
7057
6903
6979
7056
6891
7059
7053
7054
7051
7049
7060
7057
6894
7056
6873
7052
7062
7041
7057
7063
7054
7053
7061
7062
7059
7060
6903
7063
6897
6903
7101
7062
6888
7050
6883
7100
7101
7063
6865
7044
7062
7060
7061
7100
7047
7038
7055
7063
7059
7101
6891
7048
6903
6869
7041
7060
7101
7100
7051
7052
7101
7104
6894
7103
7061
7059
6897
7100
7101
7044
6903
7104
7101
7100
6863
7102
7061
7103
6890
7058
6883
6888
7100
6891
7038
7047
7048
7104
6865
6903
7100
6873
7111
7051
7052
7112
7111
6869
7103
6897
7104
7050
6976
7113
7106
7112
7111
7113
7112
6894
7055
7111
7102
7107
7104
7103
7112
6891
7111
7113
7112
7048
7047
6888
7111
7104
7113
7110
6883
7112
7111
7105
7051
7052
6897
7112
7103
6865
7115
7113
7104
7106
7119
6863
7118
7108
7116
6869
7119
7113
7115
6891
7109
7118
7107
7121
7119
7103
6894
7113
7050
7118
7058
6873
7119
7116
7115
7102
7121
7110
6897
7119
7118
6890
7055
7103
6888
7120
7114
7119
7115
7118
7121
6883
7117
7119
7116
6865
6891
7118
7106
7115
7123
7121
6869
7118
7105
6894
7116
7120
7107
6897
7115
7121
7123
7108
7102
6863
7115
7110
6891
7121
7116
6888
6891
7124
7117
7050
6883
7123
6865
7126
6873
7121
7127
7055
7106
6897
7109
7116
7120
7058
6869
7127
7126
7123
7107
6894
7124
7127
7129
6891
7116
7122
7126
7130
7128
7127
7102
7114
7110
6890
6888
7123
7127
7125
7126
7129
7117
6883
7120
6897
6865
6897
7105
7130
7130
7127
7128
7106
7126
7123
7127
6869
7124
7131
6891
7108
7129
7130
6863
7109
7126
6894
7107
7123
7102
7132
7131
7131
7130
7126
7129
7120
7133
6897
7110
6873
7128
6888
7058
7117
6883
7134
6891
7135
7124
7131
7130
6865
7106
6865
7133
7133
7135
7129
7135
6869
7122
7135
6869
7114
7130
7128
7131
7120
7107
7135
7133
6894
7102
6897
7136
7135
7129
7132
7132
7105
7110
7135
7131
7133
6890
7130
7124
6888
7134
7125
7134
7108
7135
6863
7129
6883
7117
6883
7137
7135
7131
7106
7128
7133
7138
7120
7139
6865
7130
7135
6897
7135
7140
7138
7138
6869
7136
7136
7107
7109
7141
7132
7138
7133
7135
7137
7137
6873
6894
7131
7141
7138
7141
7124
7130
7135
7140
7140
7110
7130
7142
7141
7138
7134
7135
7128
7137
7142
7142
7138
7141
7133
7140
7131
7135
6888
7136
7142
6888
7141
7135
7138
6883
7117
7130
7142
7135
7114
7140
7141
7138
7137
7139
7133
7139
6865
7132
7142
7124
7135
7143
7131
7141
7138
6869
7131
7128
7138
7140
7142
7144
7141
7105
7122
7130
7135
7137
6894
7138
7134
7125
7133
7142
7136
6863
7133
7144
7140
7144
7141
7135
7141
7108
7143
7142
7143
7138
7131
6890
7144
7135
7137
7141
7130
7138
7142
7142
7117
7140
7135
7132
7144
7133
7145
6888
7138
7146
7143
7139
7141
6883
6873
7142
7138
6865
7131
7147
7136
7141
7144
7140
7130
7138
6869
7142
7141
7137
7148
7134
7143
7144
7133
7147
7147
7138
7141
7146
7146
7142
7109
7140
7141
7131
7140
7130
7142
7147
7144
7138
6894
7137
6894
7143
7141
7142
7133
7132
7136
7146
7147
7144
7138
7142
7139
7140
7141
7130
7131
7138
7147
7142
6883
7143
7145
7144
7145
7149
6888
7144
7137
7133
7105
7148
7134
7148
7138
7146
7137
7141
7150
7147
7108
7142
7140
7114
7141
7131
7144
6863
7130
7142
7133
7147
7141
7143
7146
7151
7150
7150
7140
7142
7137
7144
7136
7147
7125
7139
7122
7131
7142
7148
7152
6894
7150
7144
7133
7146
7140
7143
7132
7130
7147
6890
6873
7145
7147
7144
7137
7152
7152
6888
7140
7150
7153
7131
7144
7133
7147
7152
7143
7134
7146
7143
7136
7130
7140
7150
7144
7153
7153
7152
7109
7137
7148
7147
7139
7153
7144
7152
7150
7151
7146
7151
7140
7147
7131
7133
7130
7143
7153
7145
7132
7152
7105
7137
7144
7108
7147
7154
6894
7155
7153
7150
7146
7140
7147
7133
7146
7131
7152
7144
7148
7136
7136
7143
7153
7134
7130
7154
7137
7150
7154
7147
7156
7152
7144
7149
7149
6863
7140
7114
7153
7133
7147
7131
7146
7154
7151
7143
7152
7144
7152
7150
7157
7137
7145
7156
7150
7156
7153
7139
7140
7148
7147
7154
7152
7132
6894
7153
7156
7143
7132
6873
7136
7146
7158
7153
7133
7150
7125
7140
7159
7160
7160
7131
7161
7161
7160
7162
7162
7161
7147
7157
7163
7163
7157
7162
7164
7137
7164
7163
7165
7165
7152
7164
7166
7166
7165
7154
7166
7153
7122
7156
7167
7134
7147
7143
7152
7134
7150
7146
7109
7154
7167
6890
7157
7158
7151
7158
7153
7145
7156
7152
7147
7137
7139
7143
7150
7168
7148
7153
7152
7136
7146
7154
7157
7156
7155
7155
7158
7169
7153
7152
7150
7132
7137
7171
7154
7143
7146
7153
7152
7157
7156
7150
7168
7158
7153
7149
7151
6863
7134
7154
7148
7114
7156
7152
7146
7154
7137
7136
7169
7150
7157
7153
7143
7172
7171
7158
7145
7152
7139
7174
7170
7139
7156
7154
7153
7156
7150
7175
7146
7152
6873
7159
7137
7159
7143
7174
7157
7172
7158
7132
7153
7175
7154
7152
7151
7156
7176
7136
7125
7148
7150
7148
7153
7179
7155
7157
7143
7146
7122
7134
7154
7176
7179
7156
7153
7150
7158
7145
7182
7173
7154
7146
7139
7157
7156
7143
7157
7150
6890
7182
7136
7158
7178
7170
7154
7132
7148
7184
7156
7180
7146
7149
7150
7177
6863
7154
7157
7184
7187
7156
7134
7151
7158
7188
7158
7159
7186
7187
7154
7188
7136
7156
7146
7145
7145
7157
7181
7191
7155
7139
7148
7189
6873
7178
7158
7190
7156
7191
7154
7173
7186
7132
7157
7125
7180
7194
7189
7196
7192
7197
7154
7190
7194
7156
7151
7196
7158
7136
7198
7199
7134
7157
7197
7201
7177
7199
7148
7198
7154
7201
7183
7192
7156
7145
7122
7200
7199
7203
7139
7158
7157
7201
7199
7204
7149
7154
7185
7201
7156
7132
7159
7199
7203
7200
7181
7201
7204
7157
7155
7199
6863
7158
7201
6890
7156
7136
7199
7134
7195
7203
7202
7148
7201
7151
7204
7151
7199
7200
7201
7157
7207
7203
7158
7204
7145
7211
7210
7200
7139
7203
7211
6873
7132
7208
7204
7158
7136
7148
7157
7206
7211
7210
7209
7203
7200
7202
7204
7207
7134
7211
7159
7205
7151
7157
7203
7211
7158
7204
7155
7210
7200
7193
7149
7195
7145
7203
7211
7148
7204
7208
7139
7136
7213
7157
7211
7183
7214
7212
7213
7132
7200
7210
7209
7158
7207
7211
7214
7213
7185
7212
7213
7202
7157
6863
7200
6863
7214
7217
7134
7210
7213
7206
7158
7151
7212
7214
7217
7148
7213
7218
7159
7213
7139
7207
7214
7136
7212
7217
7145
7215
7213
6890
7208
7210
7158
6873
6873
7216
7214
7217
7221
7212
7218
7221
7220
7209
7217
7214
7132
7202
7205
7210
7221
7207
7214
7212
7217
7158
7221
7148
7155
7220
7218
7151
7222
7134
7210
7221
7217
7212
7215
7208
7145
7221
7219
7222
7217
7139
7216
7224
7218
7221
7225
7212
7220
7222
7209
7221
7225
7226
7202
7223
7224
7225
7226
7132
7225
7222
7148
7207
7218
7206
6863
7226
7220
7226
7225
7149
7222
7225
7226
7224
7193
7134
7226
7225
7151
7208
7222
7225
7226
7220
7228
7224
7145
7223
7159
7218
7225
7226
7215
7222
6873
7207
7228
7216
7209
7226
7225
7148
7224
7226
7139
7222
7225
7228
7228
7218
7155
7226
7219
7225
7220
7132
7202
7226
7225
7228
7224
7229
7226
7218
7228
7230
7207
7151
7205
7220
7223
6890
7134
7224
7206
7230
7228
7215
7229
7216
7208
7233
7145
7228
7230
7230
7224
7232
7220
7148
7235
7228
7229
7139
7229
7230
7209
7234
7202
7235
7228
7227
6863
7233
7230
7223
7235
7235
7231
7228
7234
7159
7229
7232
7230
7132
7149
7151
7233
7233
7228
7235
7215
7234
7230
7234
7236
7237
7208
7216
7228
7235
7229
7230
6873
7232
7232
7134
7237
7228
7234
7155
7233
7219
7235
7155
7223
7202
7209
7230
7228
7145
7237
7237
7139
7235
7234
7229
7239
7230
7206
7228
7233
7238
7235
7237
7239
7230
7228
7229
7205
7234
7232
7235
7237
7239
7208
7239
7230
7228
7234
7236
7233
7151
7235
7237
7231
7239
7230
7229
7228
7240
7215
7209
7235
7238
7223
7237
7234
7232
7233
7239
7230
7228
7216
7235
7237
7145
7240
7230
6863
7234
7239
7229
7228
7235
7237
7233
7238
7238
7159
7230
6890
7239
7240
7159
7240
7236
7236
7228
7139
7235
7234
7232
7219
7237
7239
7230
7228
7223
7235
7229
7241
7240
7231
7231
7237
7233
7155
7239
7230
7234
7228
7215
7235
7243
6873
7237
7232
7238
7240
7149
7151
7216
7239
7228
7230
7149
7227
7229
7237
7235
7234
7233
7239
7244
7230
7237
7242
7240
7145
7235
7223
7206
7234
7239
7237
7230
7238
7240
7229
7243
7205
7235
7232
7236
7246
7233
7237
7230
7239
7234
7244
7235
7246
7241
7240
7215
7239
7230
7237
7235
7234
7229
7216
7243
7243
7246
7246
7233
7244
7244
7239
7238
7240
7230
7235
7245
7151
7232
7237
7231
7234
7219
7246
7239
7247
7159
7237
7235
7249
7240
7229
7236
7246
7239
7233
7238
7234
7244
7235
7237
7241
7241
7243
7246
7249
7240
7239
7229
7250
7155
7232
7237
7242
7145
7234
7246
7244
7233
7247
7239
7237
7249
7249
7206
7250
7240
7238
7229
7246
7243
7234
7237
7250
7227
7250
7227
7239
7246
7233
7249
7240
7244
7151
6890
7247
7247
7237
7231
7239
7232
7250
7234
7236
7246
7149
7229
7249
7233
7239
7240
7250
7245
7244
7238
7246
7243
7241
7234
7242
7242
7239
7240
7250
7249
7246
7251
7229
7248
7247
7234
7239
7250
7232
7233
7244
7246
7249
7240
7243
7236
7246
7250
7238
7159
7234
7205
7229
7249
7240
7246
7244
7250
7233
7219
7247
7206
7234
7241
7246
7155
7245
7232
7245
7249
7250
7240
7243
7254
7151
7255
7229
7231
7246
7244
7233
7238
7250
7254
7255
7249
7240
7246
7247
7256
7250
7254
7253
7254
7255
7255
7252
7229
7236
7232
7246
7242
7249
7243
7240
7244
7250
7233
7251
7254
7255
7238
7246
7247
7250
7254
7256
7229
7249
7240
7255
7241
7246
7250
7232
7244
7233
7231
7254
7240
7246
7255
7249
7243
7149
7250
7256
7256
7254
7229
7255
7219
7246
7247
7233
7250
7238
7245
7244
7249
7240
7232
7159
7254
6890
7227
7236
7255
7246
7250
7248
7205
7256
7251
7251
7241
7254
7229
7249
7240
7255
7242
7243
7257
7250
7233
7244
7254
7253
7249
7258
7238
7255
7247
7258
7155
7256
7259
7259
7232
7250
7254
7257
7255
7244
7233
7249
7260
7250
7254
7255
7260
7231
7257
7257
7243
7261
7256
7238
7261
7250
7262
7255
7244
7262
7254
7249
7236
7247
7263
7245
7263
7232
7241
7255
7264
7257
7250
7256
7264
7254
7252
7249
7265
7255
7238
7250
7265
7219
7253
7253
7254
7267
7257
7244
7243
7255
7254
7242
7256
7251
7249
7267
7247
7248
7248
7232
7257
7255
7254
7267
7244
7270
7249
7159
7238
7257
7267
7256
7255
7254
7243
7149
7231
7205
7155
7241
7267
7249
7255
7236
7247
7254
7257
7244
7267
7232
7256
7255
7245
7270
7271
7254
7249
7243
7242
7267
7257
7227
7238
7255
7269
7268
7254
7244
7249
7255
7251
7257
7247
7254
7256
7253
7271
6890
7272
7252
7232
7252
6890
7270
7243
7255
7254
7257
7244
7238
7255
7241
7271
7254
7236
7256
7273
7272
7245
7270
7247
7257
7232
7231
7275
7244
7271
7243
7159
7272
7275
7257
7266
7256
7242
7238
7270
7155
7247
7275
7271
7273
7269
7244
7268
7272
7257
7253
7275
7248
7232
7256
7243
7271
7251
7275
7257
7270
7244
7272
7247
7238
7241
7275
7236
7274
7273
7257
7256
7276
7271
7275
7149
7232
7272
7245
7257
7243
7270
7273
7256
7276
7238
7277
7247
7272
7257
7231
7276
7251
7242
7268
7269
7256
7273
7276
7227
7252
7277
7257
7243
7236
7159
7253
7241
7278
7238
7276
7247
7257
7256
7273
7277
7280
7276
7274
6890
7279
7155
7257
7243
7277
7276
7238
7245
7256
7248
7268
7247
7257
7269
7273
7236
7281
7253
7277
7282
7251
7243
7284
7278
7266
7257
7256
7283
7242
7241
7231
7277
7284
7257
7247
7282
7280
7149
7256
7285
7274
7284
7236
7277
7243
7283
7282
7285
7284
7227
7279
7268
7286
7256
7285
7247
7269
7252
7278
7282
7284
7245
7159
7285
7241
7286
7243
7283
7253
7285
7281
7284
7280
7256
7251
7282
7286
7285
7247
7284
7274
7286
7285
7283
7282
7256
7287
7242
7236
7155
7278
7231
7288
7286
7268
7241
7248
7280
7269
7279
7282
7286
7247
7283
7288
6890
7291
7287
7286
7288
7291
7281
7283
7288
7253
7278
7245
7266
7247
7291
7274
7241
7251
7149
7236
7287
7288
7291
7280
7292
7291
7288
7279
7293
7283
7231
7291
7287
7242
7252
7288
7268
7159
7291
7269
7278
7227
7281
7293
7155
7248
7294
7292
7297
7280
7287
7289
7274
7290
7241
7236
7300
7297
7295
7299
7294
7253
7287
7245
7279
7300
7231
7302
7251
7299
7278
7295
7302
7303
7266
7281
7280
7287
7252
7306
7242
7298
7241
7236
7306
6890
7303
7159
7274
7279
7308
7231
7310
7301
7155
7149
7305
7253
7248
7310
7307
7312
7296
7245
7281
7251
7308
7314
7236
7290
7241
7289
7314
7242
7298
7227
7312
7316
7317
7311
7305
7316
7313
7279
7252
7317
7307
7301
7318
7231
7304
7236
7266
7253
7319
7315
7320
7159
7322
7323
7245
7321
7281
7324
7242
7241
7318
7251
7319
7309
7320
7325
7321
7322
7323
7311
7324
7326
7248
7296
7327
7328
7329
7155
7326
7313
7327
7328
7318
7329
7335
7289
7290
7236
7326
7336
7319
7327
7328
7320
7329
7337
7321
7325
7335
7231
7336
7245
7241
7149
7242
7337
7335
7315
7338
7336
7340
7339
7318
7253
7341
7337
7342
7335
7343
7336
7319
7320
7338
7340
7339
7321
7337
7341
7343
7252
7335
7342
7346
7336
7344
7345
7251
7347
7337
7348
7343
7304
7346
7335
7344
7336
7345
7236
7318
7347
7348
7337
7349
7343
7350
7227
7335
7351
7353
7344
7319
7354
7320
7266
7352
7336
7241
7321
7349
7343
7350
7353
7354
7337
7351
7344
7245
7335
7356
7352
7336
7357
7159
7343
7395
7337
7344
7356
7357
7335
7336
7289
7398
7290
7343
7393
7231
7394
7344
7395
7337
7355
7401
7392
7335
7355
7336
7253
7355
7242
7355
7355
7344
7337
7399
7400
7402
7398
7395
7355
7335
7401
7336
7251
7393
7337
7394
7248
7395
7335
7336
7401
7309
7402
7398
7337
7397
7392
7335
7400
7336
7401
7241
7405
7406
7403
7404
7398
7337
7399
7393
7402
7335
7394
7336
7406
7149
7337
7405
7335
7408
7402
7336
7400
7393
7406
7337
7394
7335
7245
7336
7392
7253
7405
7406
7408
7403
7337
7404
7251
7400
7335
7252
7336
7399
7337
7405
7231
7335
7242
7336
7408
7241
7397
7392
7337
7414
7335
7336
7289
7408
7337
7290
7399
7414
7403
7335
7404
7336
7416
7337
7418
7414
7335
7336
7337
7418
7414
7266
7396
7253
7335
7336
7403
7404
7411
7410
7337
7418
7416
7419
7335
7420
7336
7227
7412
7421
7337
7418
7245
7419
7413
7335
7336
7420
7397
7421
7417
7231
7337
7407
7419
7430
7418
7251
7335
7336
7416
7248
7415
7420
7337
7421
7418
7419
7242
7409
7420
7430
7418
7421
7416
7419
7420
7432
7149
7421
7433
7419
7431
7418
7397
7420
7430
7421
7419
7289
7418
7432
7290
7433
7411
7420
7410
7434
7421
7253
7431
7417
7419
7252
7430
7412
7420
7421
7413
7419
7245
7432
7231
7435
7433
7434
7415
7251
7430
7432
7431
7437
7433
7435
7438
7436
7242
7438
7434
7437
7431
7418
7432
7438
7407
7436
7433
7439
7438
7435
7417
7396
7434
7438
7440
7439
7437
7409
7411
7419
7253
7410
7439
7441
7440
7248
7431
7435
7412
7439
7436
7437
7413
7441
7245
7440
7442
7439
7231
7227
7434
7443
7441
7251
7415
7440
7442
7417
7242
7289
7436
7443
7290
7441
7418
7437
7440
7435
7442
7443
7444
7441
7448
7449
7450
7443
7442
7445
7451
7448
7411
7446
7449
7447
7252
7443
7410
7149
7450
7419
7442
7451
7436
7448
7449
7452
7412
7453
7450
7413
7455
7444
7451
7448
7452
7449
7253
7453
7450
7457
7454
7445
7415
7458
7451
7448
7452
7245
7456
7446
7447
7449
7455
7231
7450
7451
7459
7452
7461
7448
7449
7418
7457
7450
7242
7444
7462
7460
7451
7452
7448
7458
7454
7449
7461
7251
7450
7445
7456
7407
7446
7447
7462
7451
7452
7467
7465
7468
7459
7471
7466
7419
7472
7452
7409
7460
7465
7467
7474
7473
7471
7468
7444
7472
7474
7248
7476
7445
7466
7464
7475
7446
7447
7418
7477
7480
7479
7444
7473
7478
7245
7476
7396
7463
7445
7475
7446
7470
7253
7483
7484
7447
7477
7480
7479
7419
7444
7487
7478
7484
7486
7251
7488
7489
7445
7487
7464
7446
7242
7447
7481
7483
7490
7227
7489
7492
7486
7252
7491
7488
7444
7494
7485
7492
7490
7496
7418
7495
7407
7445
7446
7447
7500
7418
7499
7463
7496
7491
7470
7409
7497
7501
7493
7494
7418
7500
7495
7482
7253
7469
7499
7509
7507
7419
7506
7501
7245
7418
7513
7509
7419
7251
7481
7497
7510
7418
7505
7511
7507
7509
7506
7242
7513
7248
7419
7515
7512
7418
7485
7419
7504
7503
7493
7513
7503
7507
7506
7515
7514
7502
7510
7418
7511
7521
7518
7419
7396
7524
7515
7517
7505
7523
7521
7419
7498
7526
7524
7253
7512
7521
7418
7510
7511
7419
7518
7523
7522
7245
7514
7526
7524
7252
7418
7529
7517
7526
7523
7505
7528
7419
7418
7504
7518
7512
7251
7482
7529
7502
7418
7227
7537
7522
7514
7419
7538
7590
7418
7537
7528
7591
7520
7538
7529
7517
7419
7532
7508
7248
7537
7590
7469
7536
7535
7591
7538
7536
7419
7525
7537
7595
7538
7592
7594
7528
7522
7419
7537
7516
7253
7538
7527
7596
7533
7597
7534
7595
7532
7537
7600
7530
7531
7538
7594
7498
7536
7535
7598
7537
7251
7537
7603
7537
7538
7592
7538
7538
7605
7601
7603
7252
7602
7608
7605
7596
7600
7604
7532
7597
7613
7608
7610
7519
7598
7611
7535
7599
7615
7602
7614
7601
7617
7612
7520
7615
7610
7611
7593
7607
7248
7604
7253
7533
7534
7617
7525
7621
7614
7619
7625
7227
7626
7527
7623
7625
7612
7621
7625
7618
7531
7530
7626
7626
7625
7616
7628
7619
7606
7626
7508
7613
7623
7623
7628
7620
7628
7252
7622
7607
7599
7533
7631
7534
7633
7628
7633
7636
7520
7633
7623
7609
7516
7631
7631
7636
7627
7633
7618
7636
7639
7525
7635
7637
7641
7636
7639
7640
7642
7624
7639
7631
7527
7641
7641
7642
7639
7640
7642
7530
7640
7616
7635
7531
7635
7641
7637
7646
7593
7637
7638
7642
7644
7650
7248
7640
7620
7645
7622
7643
7646
7647
7227
7652
7646
7629
7650
7653
7650
7655
7648
7649
7644
7652
7646
7644
7652
7653
7650
7635
7627
7653
7627
7655
7637
7647
7655
7630
7647
7656
7652
7653
7658
7645
7645
7519
7655
7656
7656
7606
7658
7644
7649
7660
7658
7648
7638
7649
7648
7638
7657
7643
7656
7647
7643
7632
7662
7660
7658
7634
7660
7666
7508
7252
7645
7662
7660
7662
7665
7666
7654
7668
7666
7649
7657
7657
7648
7669
7667
7624
7666
7662
7624
7668
7668
7665
7516
7665
7664
7669
7735
7659
7669
7668
7643
7736
7661
7627
7735
7638
7657
7737
7667
7740
7669
7663
7741
7738
7667
7736
7651
7739
7740
7665
7741
7735
7737
7741
7740
7609
7629
7738
7736
7739
7629
7734
7745
7737
7738
7739
7742
7743
7745
7248
7667
7654
7744
7654
7664
7750
7664
7746
7747
7748
7745
7750
7749
7785
7659
7630
7742
7750
7734
7659
7630
7744
7786
7743
7661
7661
7634
7746
7747
7748
7634
7787
7663
7663
7749
7227
7785
7788
7786
7742
7670
7744
7743
7632
7632
7252
7789
7787
7748
7664
7746
7747
7671
7789
7749
7734
7792
7802
7803
7808
7809
7808
7785
7809
7808
7788
7809
7810
7624
7786
7811
7810
7812
7791
7789
7811
7654
7810
7803
7812
7802
7792
7811
7790
7813
7812
7811
7813
7519
7812
7811
7787
7813
7812
7813
7793
7813
7803
7789
7802
7792
7651
7815
7651
7803
7802
7789
7792
7788
7785
7659
7672
7791
7790
7815
7786
7661
7802
7803
7789
7792
7787
7816
7793
7815
7803
7802
7629
7663
7817
7792
7816
7819
7803
7802
7788
7785
7817
7790
7822
7786
7791
7248
7816
7819
7803
7787
7802
7634
7822
7817
7793
7803
7819
7802
7822
7824
7825
7818
7825
7803
7802
7827
7821
7824
7788
7786
7791
7790
7785
7787
7825
7802
7827
7803
7831
7793
7828
7824
7831
7823
7829
7833
7832
7833
7832
7827
7630
7834
7836
7803
7835
7802
7837
7834
7828
7838
7839
7835
7836
7837
7840
7839
7838
7842
7841
7829
7843
7844
7842
7840
7845
7841
7843
7818
7844
7847
7845
7848
7846
7849
7791
7850
7788
7848
7847
7846
7851
7828
7849
7850
7852
7853
7854
7855
7851
7856
7790
7829
7852
7853
7854
7855
7856
7252
7793
7821
7861
7862
7830
7859
7860
7823
7863
7864
7670
7791
7865
7866
7867
7790
7818
7868
7793
7632
7861
7862
7227
7860
7859
7863
7821
7864
7871
7868
7872
7814
7873
7671
7865
7830
7869
7866
7870
7811
7867
7874
7861
7812
7871
7868
7823
7875
7862
7873
7872
7860
7813
7859
7863
7876
7864
7651
7874
7871
7861
7877
7878
7868
7879
7865
7875
7880
7881
7862
7881
7860
7859
7863
7672
7864
7869
7866
7876
7870
7871
7884
7867
7885
7886
7877
7878
7879
7886
7887
7865
7880
7820
7894
7830
7895
7894
7888
7896
7895
7894
7896
7861
7889
7895
7248
7894
7896
7890
7895
7897
7891
7896
7862
7897
7893
7898
7860
7892
7884
7885
7899
7898
7859
7897
7863
7899
7826
7898
7864
7887
7886
7897
7888
7899
7898
7901
7900
7899
7900
7901
7902
7890
7903
7889
7869
7902
7870
7901
7900
7866
7903
7902
7901
7900
7867
7904
7903
7865
7905
7891
7902
7906
7904
7884
7907
7893
7892
7903
7905
7885
7906
7907
7908
7904
7909
7861
7910
7905
7911
7908
7909
7887
7906
7904
7907
7888
7911
7910
7905
7908
7907
7906
7912
7909
7913
7914
7911
7910
7915
7908
7912
7916
7860
7909
7917
7913
7862
7914
7911
7915
7859
7916
7910
7912
7890
7918
7917
7889
7863
7919
7913
7914
7920
7915
7918
7864
7912
7922
7921
7916
7923
7917
7919
7913
7920
7914
7915
7891
7923
7921
7918
7922
7924
7916
7917
7925
7919
7920
7926
7927
7928
7924
7922
7921
7923
7918
7893
7930
7925
7892
7919
7929
7926
7927
7928
7920
7930
7924
7921
7922
7932
7931
7923
7929
7933
7925
7934
7927
7935
7926
7928
7932
7930
7924
7936
7931
7933
7934
7937
7925
7929
7938
7870
7935
7927
7869
7928
7926
7932
7865
7936
7930
7939
7937
7931
7933
7934
7929
7938
7940
7942
7941
7943
7932
7935
7945
7944
7936
7861
7933
7939
7937
7931
7946
7934
7938
7940
7947
7942
7941
7935
7943
7948
7936
7945
7944
7939
7937
7949
7946
7950
7951
7940
7947
7942
7938
7941
7943
7952
7948
7945
7953
7944
7949
7939
7946
7951
7937
7940
7860
7947
7950
7859
7938
7942
7941
7952
7943
7948
7945
7953
7944
7949
7946
7951
7939
7940
7950
7863
7947
7862
7941
7942
7952
7943
7937
7948
7938
7953
7945
7949
7944
7946
7951
7950
7947
7952
7939
7864
7937
7940
7938
7948
7941
7953
7942
7949
7943
7951
7945
7950
7944
7946
7940
7939
7952
7937
7938
7941
7942
7953
7947
7943
7948
7945
7946
7949
7944
7939
7940
7951
7950
7941
7942
7943
7952
7947
7948
7945
7949
7946
7953
7944
7951
7950
7952
7947
7948
7252
7953
7949
7951
7950
7952
7865
7953
7861
7941
7943
7937
7949
7940
7945
7859
7938
7860
7863
7951
7944
7862
7948
7946
7947
7864
7941
7943
7939
7953
7952
7941
7949
7943
7950
7941
7949
7943
7941
7949
7937
7942
7940
7945
7943
7941
7937
7949
7940
7945
7943
7951
7865
7944
7948
7941
7937
7949
7940
7945
7861
7947
7951
7941
7943
7944
7948
7938
7937
7954
7945
7940
7949
7947
7951
7859
7943
7953
7948
7952
7944
7937
7938
7941
7940
7945
7954
7949
7947
7863
7946
7860
7955
7953
7951
7952
7943
7944
7948
7938
7954
7937
7941
7945
7940
7949
7862
7956
7864
7946
7951
7957
7947
7955
7953
7941
7952
7944
7948
7954
7943
7937
7938
7940
7945
7958
7946
7949
7959
7956
7947
7955
7957
7943
7951
7953
7941
7954
7944
7952
7938
7949
7948
7958
7956
7937
7959
7957
7955
7945
7940
7946
7951
7953
7947
7941
7952
7944
7943
7939
7958
7959
7948
7956
7954
7938
7957
7950
7946
7949
7955
7937
7947
7941
7945
7940
7943
7953
7951
7958
7939
7959
7952
7956
7944
7937
7954
7938
7957
7950
7949
7940
7945
7948
7946
7941
7943
7953
7939
7958
7955
7947
7959
7952
7954
7951
7949
7950
7944
7946
7956
7938
7957
7937
7940
7948
7945
7943
7941
7955
7939
7951
7953
7958
7947
7944
7949
7959
7952
7865
7948
7957
7956
7940
7937
7950
7945
7938
7946
7955
7939
7943
7941
7947
7958
7959
7951
7953
7960
7949
7937
7957
7938
7940
7950
7956
7944
7952
7945
7948
7943
7961
7958
7953
7939
7946
7959
7952
7947
7951
7937
7940
7960
7944
7949
7945
7950
7948
7938
7961
7946
7962
7939
7951
7947
7942
7953
7944
7960
7963
7940
7937
7952
7945
7950
7961
7948
7227
7938
7962
7951
7947
7939
7946
7944
7953
7960
7942
7963
7961
7940
7938
7952
7948
7937
7959
7945
7962
7958
7954
7950
7946
7951
7947
7953
7960
7963
7942
7944
7939
7961
7248
7964
7955
7965
7952
7962
7966
7948
7938
7946
7939
7963
7950
7951
7953
7947
7942
7964
7965
7944
7952
7960
7962
7966
7961
7948
7950
7938
7946
7963
7956
7942
7967
7939
7964
7965
7953
7960
7947
7966
7968
7961
7952
7969
7962
7946
7938
7967
7959
7950
7963
7966
7939
7965
7960
7964
7970
7953
7961
7942
7968
7958
7969
7962
7952
7971
7967
7946
7963
7959
7950
7939
7966
7965
7970
7964
7942
7972
7968
7969
7958
7962
7971
7973
7967
7974
7963
7959
7950
7939
7970
7969
7958
7968
7972
7964
7966
7942
7965
7971
7973
7967
7974
7955
7950
7814
7959
7970
7969
7939
7957
7966
7958
7972
7968
7964
7973
7971
7965
7974
7942
7967
7959
7955
7970
7966
7950
7958
7939
7972
7964
7969
7942
7973
7971
7974
7965
7968
7963
7954
7956
7967
7955
7959
7969
7950
7972
7975
7970
7973
7974
7958
7968
7962
7954
7971
7967
7942
7956
7959
7955
7969
7975
7976
7970
7958
7972
7971
7968
7954
7956
7974
7973
7942
7955
7959
7970
7976
7975
7972
7971
7958
7974
7942
7973
7954
7956
7976
7975
7955
7959
7963
7972
7974
7973
7942
7958
7954
7959
7956
7969
7976
7955
7975
7964
7961
7963
7958
7966
7960
7942
7954
7976
7956
7975
7959
7955
7963
7954
7958
7962
7942
7959
7956
7975
7976
7963
7955
7958
7977
7962
7966
7959
7954
7975
7976
7955
7956
7963
7968
7958
7972
7962
7977
7959
7971
7966
7976
7969
7954
7958
7967
7977
7955
7963
7956
7966
7954
7959
7965
7962
7969
7973
7958
7956
7977
7955
7963
7970
7962
7966
7969
7959
7964
7954
7955
7977
7958
7963
7966
7974
7956
7969
7978
7964
7962
7954
7955
7979
7977
7978
7956
7969
7963
7962
7954
7966
7964
7955
7979
7963
7972
7956
7957
7978
7977
7966
7954
7969
7964
7968
7962
7971
7979
7978
7957
7977
7955
7972
7956
7969
7963
7954
7966
7964
7968
7971
7979
7962
7957
7980
7978
7972
7963
7969
7954
7973
7956
7966
7968
7962
7971
7979
7964
7980
7985
7963
7957
7972
7966
7826
7978
7973
7969
7956
7964
7985
7968
7980
7971
7962
7979
7957
7972
7963
7969
7975
7978
7986
7968
7973
7966
7962
7976
7971
7980
7986
7964
7979
7961
7957
7963
7978
7972
7969
7966
7962
7977
7968
7979
7252
7980
7973
7971
7961
7960
7964
7972
7957
7963
7969
7966
7967
7962
7820
7968
7973
7964
7971
7960
7961
7980
7969
7972
7957
7988
7966
7967
7970
7962
7960
7980
7961
7969
7968
7964
7973
7971
7967
7972
7970
7957
7966
7974
7961
7962
7960
7964
7969
7980
7973
7957
7972
7971
7968
7970
7978
7987
7967
7966
7965
7960
7974
7964
7988
7968
7961
7969
7971
7973
7970
7967
7957
7972
7965
7974
7964
7960
7961
7970
7968
7957
7972
7971
7967
7973
7977
7965
7960
7974
7964
7961
7989
7968
7957
7972
7973
7988
7971
7970
7967
7965
7974
7977
7992
7960
7964
7968
7957
7972
7961
7971
7970
7980
7965
7973
7977
7967
7974
7961
7968
7960
7957
7971
7972
7973
7978
7974
7970
7990
7988
7960
7977
7965
7961
7967
7968
7979
7957
7973
7987
7992
7972
7978
7971
7974
7970
7967
7977
7965
7961
7960
7968
7973
7970
7978
7971
7961
7974
7967
7977
7960
7965
7973
7974
7961
7970
7978
7992
7967
7977
7989
7996
7960
7976
7965
7978
7973
7974
7975
7970
7961
7993
7967
7965
7960
7977
7976
7970
7975
7980
7974
7967
7961
7978
7976
7992
7960
7965
7977
7990
7975
7974
7980
7970
7967
7996
7978
7965
7977
7976
7960
7987
7991
7974
7980
7999
7975
7970
7967
7978
7997
7965
7976
7977
7974
7975
7980
7970
7965
7996
7978
7976
7977
7980
7974
7975
7965
7978
7989
7976
7977
7975
7980
7999
7965
7993
7978
7977
7995
7976
7980
8000
7996
8004
7975
7978
7977
7976
8005
8001
7990
7980
7975
7978
7976
7977
7987
7975
7997
7999
7980
7978
7976
7980
8004
7998
7975
7978
7976
8005
7989
7979
7975
7980
7248
7976
7978
8009
7980
7975
8002
7979
7993
7999
7976
7980
7979
7975
8004
7976
8000
7990
7980
8005
7979
7975
8001
7976
8009
7979
7980
7997
7975
7991
8004
7980
7979
7995
8005
7979
7994
8009
7993
7979
8007
8014
8000
7979
8013
7979
8009
7997
8001
8008
7979
8002
8016
7979
8014
7998
8018
7979
8021
8012
7979
8000
8017
7979
8013
7995
8015
8021
8020
7979
8001
7991
8014
8019
8003
8016
8006
8021
8018
8007
8002
8013
8014
8011
8020
8021
8024
8010
8008
8016
7995
8017
8012
7998
8018
7994
7814
8019
8022
8013
8027
7227
8015
8020
7991
8024
8016
7252
8002
8027
8046
8018
8007
8047
8027
8048
8049
8020
8026
8017
8024
8050
8046
8008
8019
8023
8027
8047
8012
8048
8049
8051
7998
8011
8015
8052
8050
8022
7826
8024
8053
8006
8025
8051
8054
8055
8062
8010
8063
8064
8052
8003
8017
8007
8065
8072
8019
8073
8053
8054
8055
8074
7994
8026
7820
8062
8063
8075
8008
8012
8064
8077
8076
8065
8072
8073
8078
8015
8079
8074
8080
8081
8022
8083
8086
8082
8084
8087
8085
8023
8072
8075
8088
8073
8077
8076
8074
8078
8079
8080
8081
8093
8086
8083
8084
8087
8082
8085
8075
8011
8088
8026
8025
8091
8090
8086
8094
8087
8006
8010
7248
8088
8095
8098
8022
8090
8094
8091
8100
8095
7994
8003
8103
8098
8101
8026
8104
8023
8092
8100
8103
8096
8109
8011
8106
8104
8101
8109
8025
8117
8110
8111
8129
8089
8092
8093
8118
8116
8130
8106
8108
8096
8129
8006
8010
8117
8134
8129
8110
8111
8113
8118
8116
8132
8130
8135
8134
8136
8003
8140
8133
7252
8134
8023
8139
8130
8108
8137
8131
8107
8135
7227
8132
8097
8099
8113
8140
8102
8136
8089
8025
8135
8139
8140
8132
8133
8148
8137
8145
8136
8152
8153
8147
8154
8150
8139
8152
8153
8131
8154
8152
8153
8148
8155
8115
8133
8143
8107
8154
8137
8160
8138
8141
7248
8142
8161
8155
8150
8148
8160
8157
8145
8147
8162
8151
8160
8097
8131
8099
8163
8165
8166
8167
8155
8102
8168
8159
8179
8105
8164
8161
8179
8149
8150
8180
8179
8181
8162
8180
8179
8163
8157
8182
8179
8180
8112
8183
8180
8145
8147
8181
8179
8183
8164
8180
8183
8182
8180
8183
8115
8166
8165
8183
8167
8168
8181
8144
8157
8143
8181
8159
8156
8183
8182
8146
8182
8181
7252
8182
8184
8185
8186
8188
8189
8187
8165
8166
8151
8188
8189
8167
8168
8190
8181
8192
8138
8114
8191
8190
8141
8159
8182
8191
8142
8193
8194
8195
8192
8196
8197
8199
8198
8195
8193
8194
8193
8184
8165
8185
8192
8166
8186
8168
8187
8195
8196
8167
8197
7227
8194
8199
8198
8202
8149
8143
8193
8200
8192
8195
8202
8201
8203
8196
8197
8202
8194
8198
8199
8195
8204
8193
8105
8192
8202
8200
8203
8201
8202
8151
8199
8196
8197
8194
8198
8195
8204
8203
8158
8206
8202
8184
8200
8205
8185
8193
8112
8187
8201
8192
8186
8156
8206
8202
8195
8196
8198
8199
8208
8197
8203
8194
8206
8204
8202
8207
8208
8195
8209
8200
8205
8203
8206
8193
8201
8202
8192
8208
8206
8198
8204
8197
8196
8199
8202
8194
8138
8195
8210
8208
8200
8205
8207
8209
8203
8141
8193
8201
8206
8192
8142
8208
8202
8206
8204
8194
8211
8198
8203
8195
8199
8202
8208
8196
8197
8206
8207
8210
8205
8209
8208
8200
8203
8202
8201
8193
8192
8214
8206
8198
8208
8196
8199
8195
8197
8202
8204
8207
8194
8205
8210
8206
8209
8208
8202
8203
8149
8195
8193
8192
8208
8200
8201
8202
8206
8207
8198
8144
8199
8196
8210
8197
8204
8194
8202
8203
8206
8209
8214
8205
8208
8146
8195
8200
8211
8202
8201
8193
8208
8206
8192
8204
8202
8210
8198
8215
8195
8207
8199
8196
8203
8197
8209
8206
8194
8208
8202
8205
8206
8193
8192
8195
8203
8202
8156
8208
8200
8210
8201
8206
8214
8194
8114
8198
8207
8208
8196
8204
8197
8199
8209
8205
8206
8195
8208
8203
8192
8193
8206
8200
8198
8201
8207
8208
8210
8196
8197
8199
8209
8194
8206
8204
8203
8211
8195
8215
8208
8212
8205
8206
8214
8192
8208
8193
8210
8203
8206
8209
8195
8198
8200
8201
8208
8199
8196
8197
8194
8207
8204
8218
8205
8208
8192
8195
8193
8203
8210
8219
8200
8201
8198
8209
8194
8199
8197
8204
8196
8195
8207
8203
8215
8214
8205
8192
8210
8193
8198
8209
8195
8197
8199
8219
8200
8201
8196
8203
8194
8220
8211
8204
8205
8207
8192
8193
8210
8203
8209
8200
8201
8198
8194
8218
8197
8199
8196
8214
8207
8196
8203
8219
8204
8192
8193
8210
8205
8221
8215
8200
8201
8198
8194
8197
8199
8216
8209
8217
8203
8213
8196
8204
8207
8192
8220
8193
8205
8219
8214
8222
8198
8210
8199
8201
8194
8200
8197
8209
8196
7227
8211
8192
8207
8193
8204
8205
8212
8218
8221
8199
8198
8210
8200
8194
8201
8197
8196
8219
8209
8158
8215
8222
8144
8207
8192
8193
8204
8214
8220
8205
8198
8210
8199
8200
8146
8201
8194
8196
8209
8197
8204
8219
8207
8222
8205
8198
8210
8228
8199
8200
8201
8214
8211
8221
8209
8197
8227
8204
8215
8207
8210
8205
8200
8219
8201
8222
8218
8230
8220
8209
8228
8226
8207
8229
8205
8210
8204
8214
8214
8200
8201
8219
8209
8227
8222
8207
8221
8210
8216
8205
8217
8228
8204
8230
8215
8211
8209
8224
8219
8209
8220
8207
8205
8210
8222
8227
8229
8210
8228
8218
8212
8209
8232
8235
8226
8230
8214
8207
8219
8219
8210
8221
8231
8223
8234
8222
8215
8209
8228
8227
8220
8235
8210
8211
8230
8229
8209
8222
8213
8210
8228
8219
8218
8236
8209
8226
8235
8221
8227
8214
8232
8215
8222
8210
8230
8214
8220
8228
8224
8234
8235
8229
8233
8238
8217
8222
8222
8227
8216
8211
8228
8219
8221
8230
8237
8214
8215
8215
8225
8235
8219
8218
8236
8231
8220
8232
8226
8228
8238
8227
8229
8235
8219
8234
8230
8222
7227
8223
8214
8221
8228
8228
8211
8211
8238
8212
8158
8227
8235
8237
8220
8219
8230
8224
8218
8236
8215
8229
8214
8226
8222
8235
8232
8238
8227
8221
8222
8219
8228
8230
8234
8240
8220
8220
8231
8235
8214
8219
8233
8222
8229
8237
8227
8227
8238
8218
8211
8230
8230
8221
8226
8221
8235
8235
8213
8236
8215
8228
8222
8215
8232
8228
8217
8219
8214
8216
8238
8240
8234
8229
8223
8220
8222
8227
8228
8235
8218
8218
8230
8219
8237
8238
8224
8214
8226
8212
8215
8221
8222
8236
8228
8225
8232
8211
8229
8219
8240
8211
8238
8234
8214
8231
8235
8228
8227
8222
8230
8235
8227
8220
8233
8230
8237
8220
8215
8238
8228
8229
8229
8226
8218
8236
8221
8235
8232
8219
8222
8221
8227
8240
8230
8238
8234
8238
8211
8217
8228
8216
8215
8214
8235
8224
8222
8220
8237
8219
8227
8229
8226
8235
8230
8212
8221
8236
8239
8228
8223
8231
8232
8238
8219
8218
8215
8240
8214
8235
8227
8218
8234
8228
8220
8222
8211
8230
8219
8237
8226
8226
8214
8221
8235
8227
8229
8230
8215
8238
8236
8222
8224
8229
8220
8233
8240
8232
8238
8213
8225
8228
8214
8234
8211
8218
8235
8222
8216
8217
8221
8227
8231
8230
8237
8238
8235
8215
8222
8220
8229
8228
8249
8212
8226
8240
8236
8232
8232
8223
8227
8234
8234
8221
8211
8230
8238
8251
8228
8218
8215
8220
8224
8235
8250
8237
8227
8229
8228
8230
8238
8236
8236
8240
8221
8251
8231
8211
8252
8226
8233
8232
8235
8218
8238
8249
8220
8226
8229
8234
8217
8216
8237
8237
8253
8235
8227
8215
8221
8230
8240
8239
8252
8238
8235
8250
8220
8211
8223
8229
8236
8218
8212
8226
8253
8224
8227
8221
8213
8230
8232
8238
8215
8249
8240
8240
8234
8232
8237
8234
8229
8231
8227
8211
8230
8238
8218
8217
8233
8220
8215
8225
8250
8226
8227
8236
8230
8229
8236
8221
8255
8232
8258
8216
8240
8234
8249
8215
8218
8238
8256
8237
8223
8257
8224
8220
8258
8226
8237
8229
8211
8260
8212
8221
8250
8236
8231
8259
8238
8220
8218
8254
8232
8234
8240
8260
8240
8233
8249
8226
8257
8238
8221
8237
8229
8217
8211
8220
8224
8224
8239
8213
8238
8259
8236
8232
8250
8234
8221
8226
8265
8240
8255
8231
8231
8216
8218
8261
8211
8229
8269
8223
8212
8237
8212
8256
8265
8236
8268
8225
8269
8270
8264
8232
8263
8262
8234
8226
8271
8229
8240
8270
8272
8211
8237
8218
8217
8273
8217
8233
8266
8224
8271
8236
8268
8229
8273
8232
8275
8226
8234
8274
8272
8231
8240
8277
8261
8216
8216
8218
8237
8277
8275
8279
8236
8278
8277
8264
8254
8232
8280
8223
8212
8213
8234
8277
8240
8274
8281
8279
8218
8283
8277
8237
8282
8263
8262
8226
8280
8277
8278
8224
8236
8284
8267
8232
8224
8279
8283
8217
8277
8281
8233
8234
8285
8225
8240
8266
8287
8282
8231
8280
8277
8286
8284
8279
8237
8231
8278
8283
8281
8277
8287
8236
8226
8288
8285
8216
8276
8282
8284
8223
8239
8223
8280
8277
8240
8279
8283
8287
8278
8277
8281
8286
8237
8285
8232
8288
8282
8284
8226
8234
8212
8279
8224
8283
8280
8287
8212
8289
8240
8281
8233
8233
8288
8285
8286
8278
8284
8282
8236
8231
8283
8279
8280
8287
8226
8232
8217
8281
8288
8289
8217
8284
8285
8234
8213
8283
8282
8286
8279
8237
8278
8287
8280
8281
8289
8225
8284
8288
8223
8216
8290
8285
8236
8240
8279
8232
8216
8283
8282
8287
8224
8234
8280
8278
8286
8284
8289
8288
8281
8237
8285
8283
8279
8231
8287
8212
8282
8290
8236
8233
8280
8232
8284
8267
8240
8286
8278
8234
8289
8288
8281
8279
8276
8285
8287
8283
8282
8237
8290
8217
8239
8280
8291
8284
8293
8292
8224
8236
8289
8286
8240
8288
8295
8287
8294
8278
8283
8285
8281
8282
8293
8290
8231
8284
8291
8280
8223
8292
8237
8216
8296
8300
8289
8287
8288
8223
8301
8295
8294
8297
8286
8293
8300
8240
8302
8281
8285
8282
8278
8303
8301
8291
8304
8292
8299
8213
8212
8304
8300
8298
8290
8302
8296
8289
8303
8295
8304
8301
8294
8288
8304
8300
8293
8297
8233
8302
8304
8305
8301
8304
8224
8286
8225
8285
8233
8303
8306
8305
8291
8292
8302
8299
8305
8306
8296
8307
8278
8308
8305
8306
8303
8290
8295
8217
8294
8289
8305
8306
8309
8307
8305
8298
8297
8293
8288
8306
8308
8231
8306
8310
8311
8309
8307
8312
8299
8308
8296
8291
8292
8310
8311
8286
8309
8307
8293
8294
8308
8312
8297
8295
8315
8290
8289
8216
8310
8309
8311
8298
8307
8223
8308
8312
8224
8299
8316
8292
8309
8291
8310
8296
8311
8293
8307
8308
8294
8292
8312
8295
8212
8315
8297
8309
8307
8286
8310
8308
8311
8289
8312
8290
8298
8239
8309
8231
8307
8296
8308
8291
8299
8310
8311
8293
8294
8312
8309
8315
8295
8307
8292
8308
8233
8297
8316
8310
8217
8311
8213
8213
8309
8312
8318
8299
8293
8317
8296
8323
8290
8291
8224
8298
8315
8294
8297
8292
8319
8295
8323
8216
8321
8316
8324
8320
8323
8299
8318
8322
8293
8296
8315
8291
8231
8323
8223
8298
8294
8317
8297
8225
8323
8295
8290
8319
8292
8324
8316
8321
8318
8293
8299
8212
8296
8320
8325
8291
8322
8297
8324
8319
8294
8298
8317
8295
8326
8321
8224
8292
8318
8327
8290
8233
8325
8316
8299
8296
8217
8320
8324
8291
8322
8319
8297
8321
8317
8294
8326
8231
8295
8328
8327
8298
8325
8329
8330
8318
8324
8216
8296
8320
8299
8223
8331
8322
8319
8239
8321
8326
8332
8325
8297
8327
8317
8333
8328
8212
8213
8330
8298
8329
8334
8299
8320
8336
8335
8327
8331
8338
8326
8325
8339
8322
8332
8330
8342
8340
8328
8337
8233
8217
8225
8225
8343
8329
8224
8344
8333
8342
8341
8334
8327
8298
8331
8343
8330
8344
8335
8336
8326
8332
8345
8328
8338
8339
8337
8329
8333
8216
8231
8352
8340
8345
8351
8354
8347
8355
8331
8353
8352
8332
8212
8330
8341
8354
8298
8355
8351
8328
8357
8223
8329
8333
8353
8347
8331
8360
8357
8217
8332
8358
8368
8224
8361
8333
8365
8370
8368
8398
8366
8399
8233
8369
8360
8400
8371
8216
8370
8231
8346
8401
8348
8400
8349
8359
8402
8358
8403
8369
8404
8361
8364
8405
8356
8213
8371
8365
8223
8406
8407
8366
8213
8408
8212
8402
8409
8224
8404
8410
8225
8362
8408
8405
8411
8412
8406
8413
8239
8217
8231
8407
8412
8415
8414
8233
8350
8413
8409
8416
8417
8411
8418
8415
8419
8359
8420
8216
8401
8364
8421
8422
8223
8224
8346
8423
8424
8417
8348
8425
8349
8426
8367
8421
8356
8425
8231
8422
8430
8233
8362
8363
8212
8430
8433
8416
8431
8432
8430
8403
8433
8418
8424
8430
8423
8217
8433
8398
8420
8213
8410
8430
8437
8399
8223
8433
8428
8440
8431
8429
8432
8225
8426
8442
8441
8437
8433
8440
8225
8439
8216
8434
8440
8442
8441
8437
8436
8445
8440
8431
8432
8437
8233
8442
8441
8435
8427
8440
8239
8439
8350
8438
8442
8212
8441
8437
8431
8445
8432
8414
8447
8442
8441
8448
8446
8434
8419
8445
8439
8429
8450
8428
8217
8448
8436
8447
8451
8431
8450
8367
8453
8432
8454
8481
8445
8481
8452
8448
8481
8450
8482
8439
8446
8482
8482
8483
8451
8447
8223
8483
8443
8448
8450
8483
8453
8216
8484
8454
8485
8484
8213
8486
8445
8485
8484
8452
8486
8487
8485
8488
8435
8486
8489
8450
8487
8488
8490
8449
8487
8489
8491
8488
8447
8489
8490
8448
8492
8491
8493
8212
8494
8490
8495
8491
8492
8438
8493
8451
8496
8494
8495
8497
8492
8493
8446
8496
8494
8495
8439
8497
8498
8499
8496
8501
8502
8500
8497
8498
8499
8503
8500
8501
8502
8504
8434
8499
8498
8503
8500
8501
8504
8502
8505
8506
8452
8503
8504
8505
8506
8436
8505
8506
8451
8447
8233
8444
8446
8217
8452
8559
8429
8428
8225
8563
8363
8451
8434
8427
8564
8566
8452
8436
8446
8216
8559
8563
8568
8239
8239
8569
8562
8435
8223
8449
8438
8559
8563
8569
8560
8564
8561
8566
8212
8568
8429
8428
8569
8571
8434
8559
8443
8568
8217
8563
8233
8436
8213
8569
8564
8573
8566
8574
8575
8571
8577
8573
8574
8575
8565
8435
8568
8571
8562
8573
8438
8574
8575
8216
8577
8223
8564
8571
8573
8449
8574
8566
8575
8572
8225
8577
8580
8663
8581
8428
8429
8427
8560
8579
8663
8583
8580
8577
8561
8570
8233
8665
8664
8584
8581
8444
8580
8576
8666
8667
8664
8665
8567
8562
8666
8581
8580
8667
8668
8583
8669
8435
8670
8578
8671
8668
8678
8579
8669
8581
8438
8670
8449
8671
8678
8583
8584
8572
8582
8239
8443
8223
8680
8683
8579
8684
8560
8583
8584
8686
8680
8561
8562
8683
8213
8687
8689
8233
8691
8689
8684
8579
8576
8685
8572
8688
8686
8225
8565
8584
8691
8679
8427
8693
8696
8694
8687
8449
8578
8698
8695
8696
8693
8694
8698
8700
8688
8699
8582
8695
8700
8705
8685
8570
8699
8560
8690
8681
8572
8705
8561
8705
8706
8444
8443
8697
8710
8692
8576
8708
8711
8679
8709
8710
8710
8706
8213
8706
8578
8714
8715
8711
8711
8708
8701
8708
8682
8709
8709
8703
8715
8715
8567
8714
8714
8582
8697
8717
8239
8707
8690
8239
8565
8427
8722
8723
8692
8720
8713
8717
8721
8717
8225
8723
8722
8702
8723
8722
8576
8728
8701
8716
8725
8681
8730
8703
8728
8731
8728
8720
8732
8570
8720
8733
8726
8718
8721
8734
8721
8578
8443
8719
8735
8736
8704
8737
8712
8724
8732
8213
8582
8737
8707
8738
8707
8736
8732
8444
8739
8725
8725
8727
8737
8731
8740
8732
8726
8726
8736
8741
8713
8739
8737
8713
8732
8742
8736
8737
8730
8740
8738
8739
8732
8731
8682
8716
8737
8743
8716
8736
8724
8732
8724
8744
8225
8739
8745
8740
8737
8718
8702
8718
8742
8719
8732
8567
8746
8719
8747
8743
8736
8727
8735
8748
8727
8738
8739
8565
8737
8749
8731
8750
8732
8748
8740
8743
8736
8729
8737
8732
8739
8744
8747
8730
8748
8742
8239
8737
8743
8732
8750
8738
8736
8740
8748
8739
8731
8737
8733
8732
8747
8743
8712
8748
8712
8736
8570
8737
8751
8739
8752
8742
8744
8732
8750
8753
8213
8740
8748
8738
8743
8737
8747
8736
8754
8745
8739
8752
8731
8748
8735
8734
8730
8750
8746
8704
8741
8754
8736
8743
8704
8753
8740
8755
8744
8739
8749
8742
8748
8747
8752
8225
8444
8754
8736
8743
8738
8748
8750
8739
8752
8754
8753
8731
8740
8748
8736
8747
8743
8751
8744
8739
8754
8752
8742
8748
8750
8753
8743
8754
8738
8740
8730
8748
8739
8752
8747
8731
8754
8745
8743
8735
8748
8729
8750
8753
8729
8744
8746
8752
8742
8754
8740
8749
8743
8747
8733
8766
8738
8764
8754
8755
8765
8763
8752
8750
8751
8753
8731
8567
8239
8740
8754
8743
8766
8744
8747
8752
8742
8754
8765
8730
8750
8738
8764
8753
8741
8740
8754
8752
8731
8747
8762
8213
8745
8771
8770
8754
8752
8744
8750
8742
8735
8753
8746
8740
8751
8225
8772
8734
8763
8738
8747
8771
8749
8768
8752
8731
8770
8772
8755
8750
8775
8753
8773
8767
8744
8752
8730
8742
8747
8776
8775
8769
8774
8738
8750
8753
8776
8731
8773
8747
8733
8781
8751
8744
8742
8779
8750
8745
8774
8753
8738
8781
8768
8746
8735
8731
8783
8785
8749
8741
8730
8755
8777
8744
8753
8785
8779
8742
8783
8784
8787
8738
8788
8789
8767
8239
8769
8788
8789
8753
8792
8762
8744
8791
8789
8788
8751
8787
8742
8782
8213
8784
8793
8792
8789
8788
8797
8791
8788
8789
8798
8730
8745
8734
8786
8795
8792
8793
8796
8797
8744
8788
8225
8789
8735
8746
8798
8780
8792
8791
8800
8755
8749
8797
8777
8798
8793
8733
8792
8800
8801
8795
8778
8796
8751
8794
8797
8802
8799
8800
8791
8798
8792
8793
8801
8800
8802
8797
8798
8791
8730
8800
8795
8741
8790
8796
8782
8799
8802
8797
8793
8801
8798
8800
8745
8802
8806
8791
8786
8735
8795
8793
8801
8746
8806
8796
8802
8751
8799
8213
8749
8755
8806
8794
8802
8809
8801
8806
8803
8795
8730
8804
8796
8806
8799
8805
8806
8801
8809
8239
8807
8795
8796
8808
8799
8780
8225
8734
8751
8813
8733
8745
8814
8811
8815
8816
8735
8804
8809
8746
8794
8813
8730
8749
8790
8755
8799
8803
8815
8814
8741
8816
8817
8813
8809
8805
8778
8815
8807
8814
8751
8811
8816
8808
8813
8818
8817
8804
8809
8213
8815
8745
8730
8814
8813
8810
8816
8794
8735
8818
8817
8819
8746
8820
8812
8803
8815
8749
8809
8813
8755
8814
8225
8816
8811
8818
8751
8817
8819
8822
8805
8821
8815
8804
8820
8239
8807
8733
8814
8808
8822
8816
8818
8819
8815
8817
8790
8821
8820
8823
8734
8822
8794
8814
8745
8741
8816
8818
8817
8822
8811
8819
8824
8735
8821
8823
8746
8820
8804
8803
8751
8825
8749
8822
8755
8824
8818
8817
8823
8819
8805
8807
8821
8822
8820
8825
8826
8823
8824
8808
8822
8823
8818
8812
8819
8826
8824
8811
8821
8825
8810
8820
8827
8804
8824
8823
8745
8826
8794
8751
8803
8819
8835
8825
8746
8225
8836
8821
8826
8824
8820
8735
8827
8823
8749
8842
8733
8239
8826
8840
8755
8805
8836
8824
8825
8807
8790
8839
8842
8827
8835
8840
8821
8836
8808
8811
8841
8826
8837
8843
8840
8842
8825
8741
8836
8840
8826
8827
8843
8838
8839
8835
8842
8825
8840
8841
8836
8846
8843
8734
8745
8842
8803
8827
8840
8846
8836
8746
8847
8735
8843
8839
8835
8848
8846
8749
8812
8842
8837
8849
8845
8841
8755
8805
8827
8807
8850
8848
8843
8846
8849
8847
8851
8848
8808
8835
8850
8849
8846
8827
8839
8843
8853
8841
8848
8847
8849
8846
8854
8844
8850
8838
8851
8810
8848
8852
8790
8849
8853
8857
8733
8839
8837
8835
8850
8847
8848
8841
8745
8851
8849
8854
8850
8853
8861
8857
8862
8746
8845
8847
8749
8861
8862
8851
8855
8863
8839
8755
8850
8741
8856
8864
8841
8853
8861
8863
8857
8862
8239
8865
8854
8866
8847
8864
8852
8851
8867
8863
8837
8861
8862
8864
8865
8868
8866
8838
8853
8863
8859
8867
8861
8857
8862
8864
8812
8866
8865
8868
8863
8851
8854
8861
8867
8862
8864
8863
8865
8866
8853
8868
8857
8865
8861
8869
8864
8862
8867
8863
8734
8865
8866
8845
8864
8870
8861
8868
8869
8862
8871
8863
8837
8872
8854
8852
8873
8867
8855
8865
8866
8860
8864
8857
8870
8844
8874
8875
8868
8869
8856
8867
8755
8872
8876
8866
8858
8865
8877
8868
8870
8865
8790
8733
8878
8879
8869
8874
8867
8875
8880
8881
8838
8871
8866
8868
8866
8876
8882
8854
8873
8870
8883
8859
8884
8885
8886
8869
8879
8878
8867
8881
8867
8868
8868
8882
8869
8870
8885
8884
8886
8883
8888
8893
8889
8877
8887
8894
8810
8896
8897
8895
8893
8890
8837
8852
8894
8896
8891
8895
8893
8897
8898
8894
8892
8896
8895
8897
8899
8880
8898
8869
8870
8900
8901
8903
8899
8902
8904
8898
8900
8741
8889
8901
8902
8903
8899
8904
8888
8900
8887
8905
8901
8845
8903
8902
8904
8906
8890
8907
8891
8905
8908
8910
8911
8906
8909
8892
8907
8905
8908
8910
8909
8906
8911
8870
8907
8869
8912
8908
8889
8910
8909
8869
8913
8911
8914
8912
8915
8916
8918
8917
8913
8912
8914
8888
8887
8918
8916
8915
8891
8913
8917
8855
8914
8890
8892
8918
8915
8916
8917
8935
8938
8935
8938
8870
8941
8942
8870
8929
8856
8942
8941
8932
8943
8943
8812
8838
8929
8934
8932
8934
8944
8944
8852
8929
8932
8859
8929
8929
8932
8932
8942
8931
8930
8941
8942
8941
8942
8941
8936
8941
8942
8936
8844
8845
8939
8860
8939
8941
8942
8929
8945
8932
8946
8945
8941
8942
8946
8944
8944
8929
8944
8932
8944
8944
8855
8944
8733
8239
8929
8856
8932
8947
8948
8852
8947
8948
8941
8949
8942
8734
8949
8838
8950
8945
8950
8945
8945
8947
8931
8945
8930
8947
8945
8947
8945
8947
8944
8858
8947
8859
8947
8946
8946
8946
8946
8741
8946
8946
8947
8941
8942
8845
8951
8945
8951
8947
8810
8855
8944
8951
8951
8947
8933
8951
8951
8856
8950
8951
8931
8927
8950
8928
8951
8930
8812
8950
8950
8947
8950
8941
8942
8950
8951
8947
8844
8945
8859
8946
8940
8940
8944
8951
8947
8937
8937
8860
8952
8951
8947
8943
8943
8941
8953
8942
8943
8943
8954
8943
8951
8943
8931
8931
8947
8947
8930
8930
8945
8950
8855
8944
8951
8953
8733
8954
8856
8946
8952
8951
8941
8942
8999
8951
8958
8955
8959
8945
8944
8999
8956
8859
8957
8951
8734
9001
8951
9000
8741
9001
8931
8941
8942
8930
8958
9004
8959
9002
9000
8950
9004
9003
9005
9005
9002
9007
8945
8944
9006
9003
8946
8239
8955
8844
8858
8948
9008
8948
9007
8956
9009
8948
9006
8948
8957
8948
8933
8948
9008
8942
8941
9009
8949
9010
8949
8931
9011
8949
8860
8949
8945
9012
8949
9013
8930
8949
8810
8944
8927
8928
8950
9010
9016
9011
9012
8942
9013
8941
8942
8946
9014
8941
8945
8944
9023
8944
8931
9016
9021
8733
9023
8930
8943
9025
9019
9020
9021
9014
9023
9026
8950
9022
8945
9016
8945
9025
9028
9023
9021
8946
9027
9025
9026
9028
9023
8844
8741
9016
9019
9025
9021
9028
9014
9020
9029
9026
9018
8860
9022
9027
9025
9028
9031
9021
9032
8950
9016
8734
9026
9028
8858
9024
9031
8946
9029
8948
9032
9019
9015
9027
9014
8239
9020
8933
9026
9036
9022
9031
9032
9035
8949
9036
8928
9029
9027
9031
9036
9032
8950
9019
9014
9020
9035
9022
9031
9036
9029
9027
9038
9032
8946
9036
9034
9017
9038
9035
9018
9038
9019
9029
8927
9020
9022
9033
9048
9038
9054
9049
9055
8950
9024
9038
9035
8860
9054
8946
9055
9051
8946
9056
9050
9037
9057
9054
8943
9030
9055
9056
9058
9048
9035
9057
9054
9049
9040
9055
9056
9054
9058
9055
9034
9054
9054
9059
8858
9055
9057
9055
9051
9050
8950
9056
8950
9058
9054
9059
9055
9039
9057
9056
9060
9059
9054
9015
9058
9048
9054
9048
9055
9057
9055
9048
9056
9049
9018
9048
9049
9048
9049
9060
9049
9058
9049
9059
9056
9057
8734
9056
9051
9050
9051
9050
9033
9051
8948
9050
9051
9060
9050
9058
9051
9057
8933
8933
9050
9054
9057
9059
9056
9055
9048
9058
9024
8928
9048
8928
9058
9048
9049
9048
9054
9056
9049
9040
9057
9049
9059
8949
9060
9049
9055
9034
9037
9058
9051
9056
9061
9050
9051
9059
8239
9054
9050
9051
9059
9050
9057
9051
9060
9062
9050
9055
9056
9063
9058
9090
9061
9059
9057
9093
9091
9060
9062
9092
9056
9063
9058
9090
9061
9093
9059
9057
9060
9091
9060
9062
9092
9056
9090
8927
9058
9063
8927
9093
9059
9057
9061
9091
9039
9056
9092
9060
9094
9062
9058
9095
9063
9018
9059
9017
9096
9056
9097
9057
9061
9094
9060
9040
9062
9063
9095
9058
9034
9096
9056
9059
9094
9097
9057
9061
9030
9033
9060
9063
9096
9062
9095
9058
9056
9098
9061
9059
9057
9097
9061
9024
9060
9063
9063
9062
9058
9096
9056
9062
9095
9098
8858
9059
8943
9057
9097
9061
9037
9060
9063
9096
9056
9058
9062
9098
9095
9099
9056
9059
9057
9097
9061
9063
9060
9100
9058
9015
9062
9056
9101
9098
9099
9063
9102
9059
9061
9057
9060
9100
9056
9058
9062
9101
9099
9063
9098
9040
9102
9059
9061
9034
9056
9060
9057
9100
9057
9062
9039
9063
9101
9058
9103
9102
9056
9099
9104
9058
9061
9018
8948
9059
9060
9100
9057
9063
9062
9103
9101
9105
9102
9058
9106
9104
9061
9099
8928
9059
8734
9033
9060
9063
9059
9100
9057
9062
8933
9103
9101
9105
9058
9107
9104
9102
9106
9061
9108
9063
9057
9109
9059
9024
9060
9062
9058
9107
9105
9103
9106
9057
9104
9063
9108
9061
9109
9037
9059
9058
9060
9062
9107
9060
9105
8949
9059
9109
9103
9106
9063
9108
9104
9061
9040
9113
9062
9107
9059
9060
9114
8927
9063
9105
9109
9106
9115
9108
9061
9107
9116
9060
9062
9063
9109
9063
9108
9117
9128
9061
9060
9118
9119
9030
9062
9063
9039
9113
9120
9114
9061
9115
9060
9128
9061
9063
9062
9116
9062
9063
9033
9061
9133
9062
9117
9063
9017
9061
9015
9118
9119
9120
9113
9114
9062
9133
9061
9134
9115
9037
9136
9116
9061
8943
9062
9137
9139
9135
9142
9129
9138
9136
9062
9130
9141
9140
9139
9142
9132
9113
9134
9114
9145
9137
9115
9138
9148
9135
9145
9116
9149
9141
9039
9148
9153
9140
9149
8948
9154
9150
9113
9153
9155
9114
9156
8928
9115
9154
9131
9144
9152
9155
9153
9156
9116
9154
9150
9146
9129
9143
9155
9153
8933
9130
9156
9127
8927
9154
9153
9132
9155
9156
9147
9030
9154
9152
9153
9159
9155
9156
8949
9154
9160
9155
9156
9167
9144
9169
9015
9170
9168
9146
9167
9158
9169
9170
9167
8943
9159
9173
9143
9160
9168
9162
9169
9170
9151
9173
9171
9174
9147
9168
9017
9172
9173
9175
9131
9159
9163
9164
9160
9176
9174
9178
9165
9183
9166
9157
9180
9179
9174
8948
9183
9171
9158
9175
9182
9178
9172
9184
9176
9180
9161
9127
9162
9184
9178
9179
9175
9211
9180
9171
9176
9182
9030
9172
8928
9212
9179
9177
9213
9214
9215
9216
9218
9221
9222
9182
9217
9158
8933
9211
9226
9151
9219
9223
9222
8949
9221
9224
9220
9225
9163
9164
8927
9227
9226
9162
9165
9212
9223
9224
9225
9213
9214
9218
9222
9217
9216
9227
9221
9228
9166
9215
9229
9230
9226
9223
9222
9224
9225
9219
9227
9228
9221
9229
9220
9223
9230
9222
9224
9226
9225
9227
8943
9236
9221
9222
9223
9228
9234
9224
9222
9229
9225
9226
9230
9237
9227
9221
9223
9221
9224
9223
9236
9232
9222
9224
9225
9228
9225
9229
9226
9230
9227
9226
9227
9238
9157
9221
9223
9234
9237
9224
9222
9228
9225
9177
9163
9229
9227
9230
9226
8948
9164
9222
9017
9223
9224
9228
9221
9228
9165
9225
9240
9181
9229
9232
9230
9238
9227
9229
9230
9239
9223
9226
9224
9166
9222
9161
9221
9225
9228
9244
9240
9227
9229
9230
9223
9224
9247
9226
9222
9245
9225
9221
9248
9244
9227
9228
9239
9223
9229
9230
9222
9224
9226
9247
9225
9233
9248
9245
9221
9228
9227
9223
9222
9224
9229
9230
9225
9246
9226
9227
9228
9223
9222
9221
9224
9230
9229
9252
9225
9251
9177
9227
9226
9223
9224
9221
9222
9228
9225
9250
8949
9230
9229
9227
9252
9226
9223
9222
9221
9224
9222
9246
9222
9228
9225
9251
9230
9229
9227
9223
9257
9224
9226
9223
9222
9241
9224
9223
9224
9249
9258
9225
9221
9228
9225
9242
9227
9225
9230
9229
9257
9227
9231
9235
9222
9223
9227
9224
9250
9258
9226
9157
9221
9255
9228
9233
9225
9221
9257
9221
9230
9227
9223
9229
9224
9222
9259
9258
9260
9225
9226
9254
9226
9265
9257
9226
9227
9221
9228
9266
9224
9223
9258
9259
9230
9229
9225
9260
9267
9226
9161
9227
9221
9269
9228
9228
9268
9255
9266
9259
9228
9230
9265
9229
9230
9260
9229
9230
9229
9226
9253
9266
8943
9249
9221
9269
9259
9228
9267
9265
9230
9260
9266
9268
9229
9269
8948
9226
9241
9228
9272
9267
9265
9269
9270
9230
9266
9276
9268
9275
9242
9271
9229
9275
9273
9254
9228
9267
9269
9266
9265
9266
9268
9230
9229
9256
9275
9276
9269
9266
9272
9269
9267
9265
9283
9181
9265
9278
9268
9285
9269
9266
9270
9276
9271
9267
9267
9275
9283
9265
9268
9273
9268
9272
9285
9266
9269
9235
9243
9283
9231
9267
9253
9265
9276
9275
9285
9268
9266
9269
9275
9266
9284
9278
9270
9271
9283
8949
9267
9265
9269
9266
9273
9285
9272
9269
9268
9276
9276
9274
9283
9283
9275
9269
9267
9266
9265
9285
9265
9285
9268
9277
9278
9266
9272
9286
9269
9256
9267
9283
9272
9267
9270
9265
9271
9276
9279
9284
9268
9285
9275
9268
9266
9269
9273
9281
9267
9283
9266
9269
9268
9265
9285
9275
9276
9283
9266
9278
8943
9270
9269
8943
9271
9272
9285
9267
9270
9265
9284
9271
9287
9286
9266
9268
9276
9273
9269
9289
9283
9273
8948
9275
9267
9265
8948
9266
9285
9269
9268
9290
9267
9278
9266
9265
9276
9278
9283
9266
9269
9272
9268
9286
9280
9275
9285
9284
9290
9267
9269
9266
9271
9265
9274
9270
9269
9291
9289
9268
9283
9276
9273
9277
9272
9266
9265
9290
9267
9269
9285
9275
9268
9279
9266
9181
9267
9269
9284
9287
9278
9281
9291
9284
9265
9286
9290
8949
9268
9276
8949
9289
9283
9243
9269
9271
9270
9267
9272
9265
9285
9265
9273
9290
9268
9294
9288
9291
9290
9275
9293
9297
9282
9267
9267
9296
9286
9268
9294
9265
9278
9286
9268
9295
9276
9297
9271
9274
9270
9272
9289
9294
9290
9273
9284
9267
9296
9265
9291
9297
9287
9293
9277
9268
9294
9267
9265
9279
9297
9296
9295
9278
9290
9299
9268
9281
9291
9294
9292
9293
9272
9291
9294
9267
9297
9289
9297
9289
9271
9286
9270
9268
9296
9290
9284
9273
9295
9294
9297
9296
9293
9296
9303
9290
9278
9294
9291
9299
9297
9295
9271
9272
9270
9280
9284
9294
9287
9303
9297
9298
9273
9286
9303
9296
9293
9289
9303
9293
9303
9290
9303
9304
9303
9291
9294
9297
9295
9299
9274
9295
9292
9278
9304
9296
9277
9304
9304
9304
9290
9305
9304
9271
9294
9270
9286
9304
9297
9279
9291
9293
9273
9284
9296
9281
9289
9305
9295
9305
9294
9305
9299
9288
9297
9287
9305
9287
9278
9305
9305
9296
9290
9293
9300
9291
9292
9286
9289
9284
9294
9295
9271
9297
9270
9299
9301
9299
9296
9273
9293
9274
9298
9274
9282
9291
9277
9277
9295
9278
9279
9280
9296
9302
9279
9286
9284
9281
9289
9281
9293
9312
9311
9314
9291
9299
9295
9287
9292
9296
9314
9314
9286
9314
9293
9314
9314
9311
9314
9289
9308
9307
9312
9311
9312
9311
9295
9312
9298
9311
9312
9311
9284
9312
9288
9311
9299
9291
9312
9319
9309
9316
9293
9320
9295
9306
9316
9289
9320
9316
9292
9320
9316
9320
9292
9299
9316
9274
9286
9320
9316
9320
9317
9319
9320
9316
9318
9319
9277
9287
9319
9319
9315
9319
9279
9293
9319
9322
9281
9295
9321
9322
9310
9323
9322
9317
9322
9282
9317
9299
9322
9317
9308
9307
9300
9322
9308
9318
9317
9307
9308
9322
9301
9318
9307
9317
9325
9289
9318
9308
9317
9307
9308
9318
9307
9308
9318
9307
9298
9324
9321
9318
9321
9331
9321
9326
9309
9323
9280
9309
9321
9323
9302
9328
9309
9321
9323
9309
9321
9287
9323
9309
9333
9323
9309
9333
9323
9325
9334
9328
9333
9325
9335
9328
9299
9334
9325
9336
9328
9335
9336
9292
9334
9328
9325
9315
9335
9336
9315
9337
9325
9328
9326
9315
9338
9339
9325
9337
9328
9326
9315
9339
9340
9338
9326
9337
9341
9329
9324
9315
9342
9339
9338
9340
9326
9324
9313
9341
9343
9315
9344
9324
9342
9326
9340
9331
9341
9331
9343
9326
9345
9324
9344
9342
9346
9331
9347
9343
9344
9345
9324
9346
9347
9274
9331
9345
9324
9346
9347
9331
9331
9277
9375
9374
9279
9299
9281
9288
9375
9374
9377
9330
9329
9378
9329
9329
9382
9298
9380
9306
9379
9329
9306
9298
9376
9306
9329
9375
9374
9287
9329
9306
9381
9306
9327
9306
9377
9332
9375
9292
9374
9378
9382
9380
9301
9375
9300
9379
9374
9383
9299
9376
9310
9375
9310
9374
9310
9274
9381
9310
9384
9391
9310
9302
9277
9385
9280
9310
9280
9387
9386
9330
9279
9330
9375
9383
9388
9374
9330
9391
9389
9330
9281
9330
9330
9287
9375
9374
9390
9292
9392
9375
9374
9394
9400
9393
9387
9400
9384
9386
9388
9385
9389
9375
9374
9406
9406
9327
9327
9390
9327
9402
9405
9327
9402
9332
9405
9327
9282
9332
9394
9403
9392
9327
9332
9298
9407
9288
9403
9401
9332
9407
9288
9393
9401
9332
9332
9409
9409
9416
9416
9287
9404
9417
9417
9404
9413
9313
9313
9274
9413
9277
9313
9418
9424
9313
9292
9418
9424
9313
9426
9313
9414
9281
9422
9279
9422
9414
9421
9426
9421
9430
9408
9426
9408
9427
9431
9433
9430
9435
9433
9300
9431
9430
9412
9298
9412
9301
9292
9435
9427
9425
9415
9287
9425
9415
9433
9302
9428
9274
9277
9420
9420
9435
9431
9423
9281
9423
9280
9279
9439
9442
9436
9429
9441
9427
9442
9443
9410
9410
9439
9282
9441
9442
9434
9282
9292
9445
9436
9428
9419
9443
9447
9419
9298
9440
9439
9441
9449
9447
9288
9411
9274
9277
9411
9487
9445
9443
9488
9450
9449
9448
9432
9438
9281
9488
9436
9279
9447
9489
9490
9450
9429
9488
9449
9491
9489
9490
9488
9489
9450
9492
9490
9488
9491
9489
9448
9490
9488
9300
9493
9445
9494
9434
9488
9492
9446
9489
9428
9495
9491
9440
9490
9488
9489
9492
9301
9489
9496
9292
9497
9490
9493
9488
9490
9491
9489
9488
9302
9498
9496
9492
9490
9489
9494
9493
9496
9298
9491
9488
9490
9489
9448
9499
9498
9492
9496
9488
9490
9493
9444
9499
9489
9491
9488
9495
9438
9491
9496
9498
9492
9499
9451
9489
9488
9492
9490
9280
9494
9493
9496
9489
9488
9499
9496
9490
9491
9437
9498
9488
9489
9492
9429
9500
9490
9499
9274
9501
9496
9493
9488
9489
9493
9277
9502
9490
9440
9499
9503
9501
9489
9496
9488
9499
9498
9279
9491
9492
9504
9281
9494
9505
9446
9501
9492
9490
9500
9503
9489
9488
9496
9499
9493
9501
9503
9490
9502
9495
9489
9488
9491
9499
9498
9434
9506
9504
9503
9501
9498
9505
9500
9496
9432
9487
9490
9489
9488
9492
9499
9501
9503
9501
9502
9488
9493
9490
9496
9504
9489
9503
9505
9501
9491
9503
9498
9488
9499
9500
9494
9496
9490
9488
9489
9501
9492
9298
9503
9493
9502
9499
9489
9504
9288
9501
9488
9496
9507
9505
9503
9490
9499
9489
9498
9491
9492
9503
9500
9496
9489
9501
9490
9499
9451
9502
9504
9493
9505
9496
9489
9495
9501
9508
9503
9490
9492
9499
9504
9498
9501
9494
9504
9500
9503
9491
9496
9438
9509
9494
9490
9500
9499
9501
9503
9490
9505
9502
9505
9501
9493
9502
9496
9503
9492
9499
9501
9509
9497
9504
9490
9510
9491
9503
9498
9496
9500
9499
9501
9503
9509
9505
9508
9507
9501
9502
9282
9492
9503
9499
9493
9504
9496
9501
9509
9510
9503
9491
9494
9446
9499
9511
9501
9500
9496
9503
9498
9505
9504
9502
9509
9495
9492
9444
9501
9499
9503
9496
9510
9493
9511
9280
9501
9499
9511
9503
9509
9498
9505
9496
9491
9501
9500
9509
9496
9508
9502
9501
9503
9499
9511
9492
9499
9504
9510
9501
9503
9494
9512
9298
9496
9493
9513
9503
9509
9511
9499
9514
9498
9491
9503
9515
9505
9511
9507
9500
9509
9511
9492
9502
9510
9512
9514
9504
9493
9509
9511
9508
9498
9491
9514
9505
9511
9492
9510
9495
9512
9504
9451
9516
9510
9494
9495
9511
9500
9514
9509
9502
9506
9498
9493
9505
9515
9437
9491
9492
9504
9512
9511
9509
9514
9510
9516
9500
9511
9502
9513
9509
9505
9498
9511
9492
9514
9493
9432
9508
9517
9514
9504
9487
9512
9509
9510
9511
9288
9491
9507
9516
9500
9502
9511
9492
9494
9514
9505
9500
9509
9492
9511
9515
9512
9504
9510
9493
9498
9512
9514
9509
9511
9516
9491
9502
9511
9495
9514
9505
9509
9492
9500
9518
9511
9504
9508
9493
9512
9498
9508
9510
9509
9511
9516
9494
9502
9491
9514
9513
9515
9511
9505
9509
9518
9504
9500
9511
9512
9517
9514
9498
9493
9516
9511
9510
9507
9502
9516
9511
9491
9509
9514
9491
9518
9504
9505
9511
9512
9519
9509
9510
9500
9514
9498
9508
9298
9493
9520
9494
9516
9509
9495
9519
9514
9502
9504
9505
9518
9515
9491
9521
9510
9509
9512
9514
9498
9509
9519
9500
9520
9493
9516
9493
9509
9514
9521
9522
9444
9505
9523
9504
9519
9502
9513
9518
9510
9497
9508
9280
9498
9517
9521
9512
9498
9514
9520
9500
9519
9516
9504
9494
9505
9507
9514
9493
9502
9518
9521
9510
9515
9507
9523
9519
9518
9512
9515
9519
9504
9514
9520
9505
9498
9504
9521
9500
9495
9522
9516
9510
9524
9519
9514
9508
9512
9523
9502
9518
9521
9505
9514
9519
9505
9521
9494
9520
9500
9525
9504
9524
9514
9513
9510
9502
9512
9519
9514
9516
9523
9515
9521
9518
9282
9526
9517
9526
9500
9525
9514
9520
9521
9500
9505
9522
9520
9502
9510
9519
9502
9288
9524
9494
9512
9508
9518
9507
9523
9516
9521
9526
9527
9527
9506
9519
9525
9510
9520
9515
9487
9500
9519
9526
9526
9529
9495
9512
9502
9527
9521
9523
9516
9523
9518
9519
9522
9510
9531
9521
9526
9528
9520
9527
9527
9508
9519
9529
9532
9512
9513
9521
9513
9494
9510
9519
9516
9523
9518
9526
9517
9531
9437
9527
9521
9515
9520
9536
9530
9519
9512
9532
9533
9534
9510
9521
9507
9510
9527
9536
9523
9519
9535
9516
9522
9534
9518
9521
9508
9512
9538
9520
9519
9533
9540
9539
9494
9521
9510
9523
9528
9538
9535
9516
9519
9518
9495
9541
9540
9512
9521
9515
9542
9519
9539
9541
9513
9537
9520
9521
9280
9542
9530
9512
9543
9517
9522
9519
9523
9516
9545
9494
9522
9518
9517
9546
9549
9521
9508
9519
9520
9507
9519
9512
9547
9548
9512
9521
9543
9497
9515
9545
9544
9550
9519
9549
9552
9516
9553
9518
9521
9554
9546
9552
9553
9523
9554
9552
9555
9520
9553
9555
9554
9555
9547
9521
9548
9556
9521
9495
9557
9508
9512
9551
9556
9557
9550
9558
9522
9556
9494
9557
9559
9558
9516
9559
9537
9518
9558
9523
9559
9560
9521
9520
9561
9554
9560
9553
9561
9560
9551
9561
9562
9515
9513
9562
9555
9557
9517
9562
9516
9523
9508
9554
9518
9288
9554
9520
9553
9554
9553
9507
9544
9554
9561
9553
9522
9563
9560
9553
9563
9494
9563
9557
9557
9523
9557
9555
9516
9561
9557
9520
9555
9562
9561
9555
9282
9518
9555
9561
9554
9560
9561
9560
9553
9560
9559
9560
9558
9515
9523
9494
9495
9557
9516
9518
9508
9554
9522
9516
9561
9520
9506
9553
9562
9513
9562
9562
9560
9555
9487
9562
9523
9554
9557
9561
9517
9520
9518
9553
9516
9515
9494
9564
9560
9564
9494
9564
9561
9554
9507
9557
9562
9555
9523
9508
9553
9520
9552
9558
9559
9518
9522
9558
9560
9559
9558
9559
9561
9558
9559
9554
9557
9556
9515
9553
9523
9561
9495
9518
9560
9562
9555
9520
9280
9518
9554
9508
9494
9513
9565
9557
9565
9565
9517
9561
9553
9522
9520
9523
9560
9554
9564
9555
9518
9562
9561
9566
9566
9553
9558
9559
9557
9565
9566
9507
9520
9554
9515
9520
9523
9560
9561
9508
9565
9555
9553
9562
9557
9565
9522
9565
9523
9554
9565
9560
9567
9567
9520
9561
9567
9568
9569
9568
9569
9568
9495
9569
9553
9288
9523
9497
9570
9557
9564
9562
9570
9523
9560
9517
9513
9515
9564
9565
9570
9564
9567
9564
9555
9508
9569
9559
9558
9560
9565
9522
9552
9571
9557
9570
9567
9569
9552
9571
9572
9523
9567
9507
9571
9552
9569
9572
9573
9567
9569
9515
9552
9572
9563
9573
9567
9569
9573
9562
9555
9556
9565
9508
9556
9570
9556
9570
9556
9570
9570
9569
9567
9565
9495
9522
9564
9513
9562
9569
9517
9558
9559
9570
9555
9567
9572
9508
9515
9565
9508
9569
9570
9487
9567
9522
9566
9506
9487
9562
9507
9565
9569
9555
9574
9570
9574
9567
9574
9572
9565
9515
9282
9569
9572
9572
9564
9508
9572
9575
9558
9570
9575
9571
9559
9575
9562
9567
9517
9574
9495
9576
9569
9565
9576
9573
9522
9576
9513
9515
9570
9552
9569
9567
9574
9574
9565
9574
9577
9572
9574
9577
9577
9556
9569
9507
9280
9570
9567
9578
9558
9578
9564
9515
9578
9522
9559
9515
9574
9569
9579
9579
9570
9567
9579
9517
9576
9572
9495
9577
9574
9522
9570
9567
9513
9579
9580
9566
9580
9566
9580
9578
9566
9515
9566
9571
9581
9571
9574
9581
9497
9571
9507
9564
9581
9570
9571
9573
9497
9558
9582
9579
9563
9573
9582
9579
9563
9573
9579
9582
9563
9573
9572
9579
9559
9563
9577
9288
9574
9577
9583
9580
9522
9577
9583
9577
9581
9583
9576
9576
9576
9578
9576
9517
9578
9579
9578
9574
9568
9578
9495
9581
9581
9580
9581
9580
9581
9513
9580
9572
9564
9580
9579
9522
9577
9552
9574
9558
9581
9579
9559
9507
9578
9556
9580
9576
9574
9572
9522
9571
9581
9579
9487
9573
9577
9574
9506
9580
9517
9566
9579
9575
9506
9581
9564
9578
9513
9495
9522
9522
9558
9574
9581
9282
9584
9559
9572
9584
9579
9580
9584
9577
9576
9582
9507
9581
9578
9579
9583
9580
9584
9522
9585
9585
9585
9564
9495
9581
9572
9577
9517
9579
9513
9558
9586
9580
9586
9552
9584
9559
9586
9584
9571
9578
9576
9581
9584
9563
9584
9573
9579
9556
9507
9586
9577
9585
9581
9572
9580
9495
9584
9495
9578
9497
9586
9564
9586
9586
9586
9581
9587
9517
9566
9580
9576
9584
9585
9513
9585
9577
9586
9585
9585
9572
9582
9582
9588
9582
9582
9586
9583
9578
9583
9584
9580
9583
9487
9583
9587
9507
9571
9589
9564
9586
9585
9576
9590
9577
9573
9568
9495
9568
9584
9568
9568
9580
9586
9575
9517
9575
9578
9513
9575
9587
9575
9590
9584
9591
9588
9586
9552
9506
9589
9585
9577
9556
9590
9507
9586
9587
9576
9578
9584
9591
9282
9589
9586
9585
9517
9590
9588
9566
9577
9582
9587
9591
9586
9584
9571
9513
9583
9590
9578
9589
9573
9507
9586
9507
9594
9585
9576
9591
9587
9590
9584
9563
9593
9588
9594
9589
9591
9497
9596
9552
9590
9585
9592
9594
9517
9584
9587
9513
9591
9556
9589
9588
9594
9596
9590
9576
9571
9487
9591
9594
9507
9587
9573
9585
9596
9590
9575
9594
9589
9513
9513
9591
9588
9517
9566
9594
9596
9582
9587
9585
9583
9568
9576
9593
9599
9591
9596
9594
9589
9595
9506
9594
9588
9596
9517
9599
9517
9585
9513
9571
9552
9589
9603
9596
9599
9592
9600
9573
9556
9597
9602
9603
9585
9588
9599
9593
9596
9603
9604
9598
9566
9605
9563
9599
9517
9603
9596
9497
9282
9582
9600
9599
9603
9583
9487
9602
9604
9588
9603
9605
9609
9599
9601
9595
9571
9603
9609
9600
9592
9604
9593
9573
9605
9599
9607
9602
9609
9603
9575
9606
9609
9552
9604
9599
9603
9597
9605
9556
9600
9609
9506
9609
9611
9602
9604
9566
9607
9598
9593
9605
9609
9611
9600
9582
9571
9583
9604
9611
9609
9595
9605
9602
9573
9607
9592
9568
9611
9609
9600
9601
9639
9604
9497
9606
9611
9639
9605
9639
9597
9602
9611
9639
9593
9639
9607
9552
9563
9604
9611
9639
9600
9639
9605
9598
9556
9639
9611
9487
9640
9602
9610
9582
9571
9640
9607
9604
9573
9608
9641
9640
9592
9583
9566
9642
9611
9643
9641
9640
9642
9644
9606
9605
9595
9643
9644
9641
9642
9600
9645
9640
9644
9641
9646
9575
9643
9640
9645
9647
9646
9593
9601
9506
9648
9640
9641
9645
9647
9646
9602
9648
9640
9641
9607
9649
9612
9647
9641
9649
9648
9641
9597
9649
9650
9600
9650
9598
9607
9653
9552
9602
9606
9651
9652
9595
9556
9592
9593
9655
9658
9653
9582
9583
9566
9607
9497
9658
9601
9563
9651
9597
9660
9652
9655
9662
9661
9606
9663
9487
9598
9568
9662
9656
9660
9664
9663
9607
9661
9664
9666
9593
9610
9657
9595
9592
9666
9659
9601
9668
9506
9606
9575
9597
9670
9612
9656
9608
9671
9582
9566
9583
9668
9654
9598
9665
9675
9670
9671
9675
9657
9667
9595
9606
9677
9592
9676
9659
9706
9601
9497
9677
9679
9707
9674
9706
9597
9678
9563
9673
9708
9676
9707
9610
9706
9679
9598
9708
9709
9707
9582
9487
9665
9678
9706
9710
9583
9606
9708
9709
9669
9707
9711
9575
9667
9712
9612
9710
9706
9595
9708
9709
9707
9711
9674
9710
9601
9654
9712
9708
9709
9706
9592
9715
9506
9707
9715
9711
9710
9715
9568
9714
9597
9715
9709
9712
9673
9708
9717
9608
9706
9713
9717
9711
9707
9710
9717
9672
9709
9717
9714
9712
9708
9598
9606
9711
9706
9710
9707
9720
9716
9720
9712
9709
9720
9714
9708
9711
9718
9720
9724
9713
9710
9582
9719
9724
9712
9724
9709
9721
9714
9724
9583
9723
9711
9595
9710
9727
9716
9728
9725
9601
9729
9722
9719
9712
9731
9730
9727
9726
9728
9487
9610
9729
9718
9723
9711
9721
9731
9727
9730
9728
9713
9729
9725
9732
9497
9727
9731
9730
9728
9729
9712
9726
9669
9597
9732
9731
9727
9723
9728
9719
9730
9729
9716
9563
9734
9733
9731
9735
9727
9732
9722
9730
9725
9728
9729
9721
9731
9612
9734
9732
9727
9733
9726
9730
9598
9728
9735
9729
9718
9723
9732
9734
9731
9736
9713
9733
9727
9730
9719
9728
9729
9725
9732
9734
9736
9733
9731
9735
9727
9575
9728
9730
9729
9726
9736
9734
9732
9733
9721
9731
9716
9727
9728
9730
9729
9734
9735
9733
9736
9732
9722
9738
9731
9727
9730
9736
9733
9734
9728
9729
9732
9740
9718
9737
9727
9735
9731
9736
9743
9728
9744
9733
9729
9734
9730
9732
9601
9731
9736
9727
9744
9733
9730
9734
9728
9729
9741
9735
9732
9736
9744
9731
9738
9727
9733
9734
9743
9568
9732
9730
9728
9722
9736
9744
9729
9740
9735
9608
9731
9744
9727
9736
9733
9734
9672
9730
9732
9728
9729
9610
9746
9744
9736
9731
9734
9735
9733
9727
9737
9743
9732
9506
9728
9730
9729
9744
9736
9731
9727
9747
9738
9733
9746
9734
9729
9732
9735
9728
9730
9741
9736
9740
9744
9731
9727
9729
9733
9743
9732
9744
9748
9728
9739
9730
9734
9746
9735
9727
9731
9729
9747
9732
9744
9733
9728
9730
9748
9734
9612
9497
9727
9742
9731
9738
9744
9729
9732
9737
9735
9743
9746
9733
9740
9728
9730
9734
9727
9748
9731
9729
9744
9732
9747
9728
9733
9730
9734
9727
9731
9744
9729
9735
9748
9741
9487
9746
9732
9730
9728
9749
9743
9733
9727
9731
9729
9734
9738
9748
9732
9735
9749
9730
9728
9747
9733
9740
9727
9729
9731
9563
9746
9734
9749
9732
9730
9748
9727
9728
9733
9737
9731
9729
9743
9734
9749
9732
9750
9730
9733
9748
9728
9746
9731
9749
9734
9747
9732
9738
9741
9733
9730
9749
9748
9734
9740
9743
9732
9746
9733
9749
9751
9750
9752
9734
9748
9747
9575
9749
9733
9756
9734
9746
9748
9749
9737
9743
9733
9738
9750
9734
9749
9753
9748
9740
9754
9739
9756
9745
9747
9746
9758
9610
9751
9741
9749
9752
9742
9758
9748
9743
9749
9750
9746
9756
9758
9506
9608
9747
9749
9748
9738
9758
9740
9756
9746
9743
9760
9758
9751
9737
9752
9750
9753
9754
9758
9747
9760
9612
9756
9758
9746
9741
9743
9738
9750
9758
9760
9740
9756
9761
9747
9752
9568
9751
9758
9760
9758
9737
9750
9743
9756
9761
9754
9753
9747
9758
9738
9762
9760
9740
9758
9757
9741
9752
9756
9761
9751
9759
9762
9750
9758
9760
9497
9747
9739
9763
9762
9761
9756
9742
9763
9760
9738
9487
9737
9762
9750
9763
9740
9754
9563
9752
9753
9761
9756
9751
9763
9760
9762
9747
9763
9741
9765
9750
9762
9761
9756
9760
9763
9738
9765
9763
9610
9575
9762
9740
9752
9760
9751
9756
9761
9763
9737
9754
9765
9750
9762
9753
9763
9759
9745
9760
9765
9761
9762
9763
9756
9741
9738
9750
9763
9765
9766
9755
9760
9752
9762
9761
9740
9751
9612
9763
9766
9765
9760
9762
9766
9763
9737
9767
9757
9739
9765
9761
9754
9608
9766
9506
9762
9750
9753
9742
9766
9765
9752
9762
9761
9751
9741
9771
9766
9767
9764
9765
9766
9771
9761
9766
9765
9737
9766
9767
9759
9752
9754
9765
9751
9753
9766
9771
9761
9766
9765
9741
9767
9771
9766
9765
9497
9770
9752
9766
9751
9771
9810
9813
9812
9767
9737
9813
9754
9610
9813
9768
9753
9812
9771
9813
9813
9487
9752
9741
9568
9811
9757
9812
9767
9751
9813
9771
9759
9813
9739
9812
9813
9764
9812
9575
9742
9612
9767
9771
9754
9737
9813
9753
9815
9812
9752
9813
9745
9815
9771
9751
9815
9813
9767
9741
9812
9770
9810
9815
9811
9813
9815
9771
9817
9818
9813
9815
9812
9813
9767
9769
9754
9815
9818
9753
9771
9813
9812
9815
9817
9818
9813
9815
9767
9771
9813
9812
9608
9817
9811
9506
9759
9818
9815
9768
9813
9757
9755
9815
9812
9818
9813
9816
9817
9771
9767
9815
9810
9754
9813
9753
9818
9812
9815
9817
9813
9819
9815
9770
9764
9813
9812
9818
9767
9497
9815
9813
9739
9819
9817
9811
9815
9813
9812
9818
9487
9815
9813
9819
9742
9817
9610
9812
9815
9818
9767
9753
9754
9815
9819
9812
9815
9818
9817
9819
9811
9815
9816
9812
9759
9818
9815
9819
9810
9822
9612
9815
9817
9812
9745
9818
9815
9768
9754
9770
9753
9819
9815
9812
9818
9757
9817
9568
9812
9819
9818
9811
9822
9824
9764
9817
9812
9819
9818
9769
9506
9823
9814
9810
9816
9812
9817
9818
9739
9824
9819
9822
9812
9818
9759
9742
9608
9819
9817
9824
9812
9811
9497
9818
9820
9819
9821
9812
9817
9770
9822
9818
9824
9823
9768
9819
9817
9818
9824
9822
9819
9818
9810
9817
9755
9811
9816
9819
9818
9823
9824
9757
9826
9817
9764
9487
9825
9818
9819
9759
9822
9818
9817
9824
9819
9739
9818
9817
9742
9770
9819
9745
9811
9823
9822
9816
9824
9810
9819
9817
9506
9817
9819
9820
9768
9821
9824
9769
9823
9822
9817
9819
9759
9811
9819
9828
9817
9824
9819
9816
9817
9568
9822
9757
9770
9814
9826
9819
9824
9764
9497
9817
9823
9810
9825
9739
9811
9819
9824
9742
9829
9822
9827
9608
9759
9824
9828
9823
9821
9820
9816
9811
9822
9829
9755
9831
9824
9768
9770
9810
9487
9829
9822
9824
9757
9823
9826
9739
9825
9759
9811
9828
9769
9831
9824
9816
9506
9745
9742
9764
9829
9832
9822
9824
9829
9770
9823
9831
9810
9811
9822
9824
9821
9820
9829
9824
9816
9768
9828
9759
9822
9831
9823
9757
9814
9739
9811
9824
9829
9810
9770
9497
9742
9832
9764
9826
9487
9827
9824
9822
9825
9831
9830
9828
9823
9829
9824
9821
9820
9811
9822
9816
9810
9824
9759
9769
9831
9823
9829
9755
9768
9770
9824
9832
9757
9506
9822
9745
9833
9811
9826
9824
9828
9739
9825
9829
9764
9833
9831
9816
9822
9742
9823
9810
9833
9497
9829
9487
9811
9487
9822
9833
9828
9770
9821
9832
9831
9820
9823
9829
9833
9816
9822
9768
9757
9811
9810
9833
9827
9822
9764
9829
9826
9831
9823
9833
9825
9739
9832
9830
9506
9828
9816
9814
9811
9829
9742
9822
9833
9770
9810
9745
9836
9821
9769
9835
9837
9822
9820
9831
9823
9833
9836
9829
9811
9768
9837
9497
9497
9836
9837
9835
9822
9757
9833
9816
9836
9828
9834
9764
9831
9837
9829
9836
9811
9826
9832
9810
9823
9835
9755
9833
9837
9825
9838
9836
9837
9833
9829
9836
9835
9831
9487
9837
9506
9838
9816
9506
9836
9811
9833
9823
9821
9837
9768
9835
9829
9820
9828
9832
9836
9810
9838
9833
9814
9837
9827
9811
9831
9836
9745
9835
9823
9829
9833
9764
9837
9757
9838
9836
9826
9816
9837
9833
9840
9836
9828
9835
9825
9769
9497
9837
9811
9838
9829
9810
9831
9841
9836
9830
9823
9840
9833
9837
9841
9842
9832
9836
9839
9835
9840
9829
9841
9837
9838
9833
9768
9841
9836
9821
9842
9816
9823
9837
9820
9831
9841
9840
9829
9828
9833
9810
9836
9842
9841
9835
9838
9837
9840
9841
9836
9764
9833
9506
9837
9842
9823
9755
9834
9841
9827
9829
9843
9840
9826
9836
9835
9838
9844
9837
9831
9842
9841
9833
9843
9825
9836
9816
9832
9843
9745
9840
9841
9829
9837
9844
9833
9810
9843
9842
9828
9835
9841
9836
9844
9843
9837
9838
9823
9840
9841
9829
9833
9836
9843
9839
9844
9842
9831
9768
9837
9841
9843
9844
9836
9814
9835
9821
9833
9846
9837
9840
9841
9769
9843
9823
9816
9838
9820
9844
9842
9846
9836
9841
9837
9833
9843
9810
9828
9846
9836
9844
9841
9840
9837
9835
9843
9831
9842
9832
9838
9846
9841
9836
9843
9844
9826
9837
9823
9846
9840
9849
9841
9848
9849
9843
9849
9825
9842
9846
9835
9844
9849
9848
9841
9847
9838
9849
9843
9845
9840
9816
9810
9848
9830
9849
9831
9846
9841
9849
9828
9843
9839
9842
9844
9848
9849
9841
9821
9849
9846
9843
9848
9840
9849
9835
9844
9841
9838
9820
9842
9849
9834
9848
9843
9846
9832
9849
9827
9745
9847
9841
9844
9849
9848
9840
9843
9831
9846
9849
9841
9849
9842
9816
9848
9835
9843
9838
9844
9849
9846
9755
9841
9810
9826
9849
9840
9848
9851
9843
9828
9849
9844
9851
9847
9846
9842
9849
9851
9825
9848
9845
9843
9769
9831
9851
9849
9851
9846
9835
9840
9849
9838
9844
9848
9843
9851
9849
9842
9851
9849
9846
9848
9843
9849
9844
9814
9851
9832
9816
9849
9840
9848
9851
9846
9843
9839
9831
9810
9821
9847
9842
9851
9835
9844
9838
9830
9848
9843
9851
9846
9820
9828
9840
9851
9848
9844
9843
9851
9853
9853
9842
9846
9853
9854
9851
9845
9854
9848
9854
9835
9847
9855
9840
9851
9844
9855
9838
9855
9846
9856
9856
9848
9851
9856
9850
9857
9831
9842
9857
9857
9851
9858
9846
9844
9826
9858
9848
9858
9851
9859
9840
9816
9859
9825
9859
9851
9810
9860
9848
9861
9844
9846
9860
9835
9861
9860
9842
9861
9851
9862
9838
9863
9862
9863
9832
9862
9863
9864
9827
9851
9828
9865
9847
9839
9864
9848
9840
9865
9844
9831
9864
9846
9865
9745
9866
9851
9867
9866
9867
9866
9867
9868
9869
9848
9868
9851
9869
9868
9869
9835
9842
9846
9870
9871
9840
9851
9870
9844
9871
9870
9838
9871
9872
9848
9873
9851
9872
9874
9873
9872
9873
9874
9875
9876
9846
9875
9874
9844
9876
9875
9821
9877
9876
9845
9878
9877
9842
9848
9816
9878
9877
9878
9847
9835
9840
9769
9846
9831
9848
9844
9820
9755
9834
9842
9828
9838
9848
9846
9830
9840
9835
9842
9886
9832
9887
9840
9892
9892
9892
9893
9893
9893
9838
9826
9888
9847
9889
9842
9825
9845
9835
9816
9814
9838
9839
9842
9828
9886
9887
9906
9835
9889
9888
9847
9910
9908
9838
9821
9852
9850
9911
9820
9909
9913
9910
9906
9832
9838
9908
9827
9828
9845
9911
9914
9913
9847
9916
9745
9838
9826
9909
9834
9825
9769
9916
9839
9921
9914
9921
9922
9847
9912
9923
9828
9830
9879
9923
9924
9755
9922
9880
9845
9832
9926
9881
9918
9821
9924
9847
9920
9926
9820
9919
9928
9814
9828
9928
9907
9826
9850
9847
9915
9825
9839
9912
9845
9918
9925
9929
9917
9920
9832
9827
9932
9828
9932
9927
9847
9932
9930
9932
9769
9929
9821
9919
9932
9852
9932
9820
9933
9847
9932
9934
9930
9828
9932
9933
9845
9936
9826
9935
9932
9934
9832
9931
9925
9880
9839
9932
9879
9936
9825
9933
9935
9755
9932
9936
9834
9934
9847
9927
9937
9881
9932
9935
9936
9933
9932
9830
9937
9915
9938
9934
9936
9939
9814
9935
9821
9933
9832
9917
9847
9936
9850
9845
9940
9937
9907
9820
9939
9938
9934
9936
9935
9827
9933
9941
9940
9931
9936
9942
9939
9826
9937
9943
9935
9847
9934
9936
9933
9941
9938
9839
9769
9940
9943
9825
9942
9936
9939
9943
9935
9937
9845
9941
9934
9830
9933
9938
9832
9936
9940
9944
9943
9847
9942
9939
9936
9852
9935
9933
9943
9934
9937
9941
9821
9940
9944
9936
9938
9879
9942
9939
9943
9820
9935
9880
9834
9933
9847
9940
9850
9943
9937
9934
9945
9941
9881
9832
9839
9938
9814
9946
9944
9939
9942
9947
9845
9755
9943
9948
9826
9935
9940
9933
9945
9948
9934
9827
9943
9937
9947
9825
9939
9941
9847
9946
9944
9938
9948
9942
9935
9943
9940
9945
9933
9948
9947
9934
9821
9937
9943
9941
9939
9948
9942
9832
9946
9847
9944
9935
9938
9945
9940
9933
9943
9820
9948
9947
9830
9939
9937
9934
9845
9935
9948
9943
9941
9946
9949
9942
9944
9940
9938
9839
9945
9826
9947
9948
9939
9847
9950
9951
9937
9949
9825
9934
9948
9940
9941
9942
9946
9944
9947
9948
9945
9938
9950
9939
9951
9949
9847
9948
9937
9952
9832
9940
9947
9946
9941
9942
9948
9821
9950
9945
9944
9951
9939
9938
9845
9850
9948
9949
9937
9952
9940
9820
9947
9847
9946
9950
9942
9941
9955
9953
9945
9852
9827
9951
9944
9954
9955
9956
9938
9832
9814
9949
9957
9826
9947
9955
9952
9953
9950
9839
9942
9941
9945
9946
9954
9825
9955
9951
9956
9957
9755
9944
9834
9947
9949
9950
9938
9958
9955
9953
9830
9952
9954
9942
9941
9821
9957
9956
9845
9958
9951
9945
9955
9946
9973
9974
9959
9950
9947
9958
9820
9944
9949
9955
9953
9954
9832
9973
9957
9952
9974
9975
9958
9956
9975
9959
9945
9951
9955
9947
9975
9973
9950
9974
9946
9975
9826
9975
9949
9976
9976
9976
9954
9958
9976
9955
9957
9953
9944
9973
9974
9952
9959
9825
9956
9947
9977
9977
9977
9945
9977
9958
9951
9955
9973
9839
9950
9974
9976
9954
9946
9949
9850
9957
9955
9958
9973
9974
9953
9821
9959
9952
9944
9978
9978
9978
9845
9978
9951
9977
9950
9976
9979
9956
9979
9973
9979
9945
9980
9979
9980
9955
9980
9980
9954
9974
9958
9820
9957
9973
9949
9974
9955
9981
9852
9981
9981
9946
9981
9959
9953
9958
9827
9950
9979
9973
9977
9982
9982
9982
9982
9952
9974
9954
9814
9956
9951
9958
9957
9826
9973
9974
9834
9949
9959
9979
9983
9983
9978
9983
9983
9950
9953
9946
9984
9984
9984
9973
9984
9825
9958
9974
9982
9951
9954
9956
9957
9973
9952
9958
9959
9974
9949
9950
9985
9973
9985
9985
9985
9845
9974
9953
9954
9982
9986
9986
9986
9986
9958
9987
9987
9987
9839
9987
9957
9951
9956
9973
9978
9988
9988
9988
9988
9974
9959
9830
9983
9952
9949
9989
9989
9989
9989
9821
9973
9954
9974
9953
9957
9986
9951
9990
9990
9990
9990
9973
9974
9956
9820
9959
9987
9973
9974
9954
9984
9952
9957
9953
9986
9991
9989
9991
9991
9991
9973
9983
9974
9992
9992
9992
9992
9956
9959
9826
9850
9974
9973
9990
9987
9993
9993
9993
9993
9954
9994
9994
9957
9994
9995
9994
9995
9995
9995
9845
9825
9953
9974
9974
9973
9973
9952
9989
9996
9980
9996
9996
9996
9959
9956
9827
9821
9974
9973
9985
9990
9994
9997
9997
9997
9997
9974
9973
9953
9998
9998
9998
9820
9998
9995
9839
9959
9952
9999
9999
9999
9999
9956
10000
10000
10000
10000
9974
9984
10001
9973
10001
10001
10001
9814
9994
9834
9974
9973
9826
9845
9999
9959
9995
10002
9981
10001
10004
10003
9993
9825
9830
9852
10004
10002
9991
9998
9999
9992
10003
10006
10001
10000
10004
10002
9988
10003
10008
10002
10006
9821
10008
10003
9996
10010
9985
10008
9998
10010
10006
9997
10000
9820
9845
10011
10012
10010
9993
9839
9850
10016
9826
10018
10009
10019
9980
10020
10021
10019
10011
9825
10012
10016
10022
10021
10020
9991
9992
10018
10019
10021
9827
10020
10015
10027
10022
10007
10014
10025
10016
9845
10017
10018
10012
10005
9834
10028
10011
10024
10022
10025
9996
10034
10031
10028
10035
10034
10036
10030
10023
10036
10031
10028
10037
10029
10025
10013
9997
10038
10039
9814
10040
10009
10037
10041
10040
10024
10031
10041
10042
10038
10039
10030
10043
10044
9988
10027
10045
10046
10047
10043
10029
9845
10048
9839
10047
10026
9981
10045
10049
10046
10050
10051
10030
9852
10024
10048
10052
10035
10053
10015
10054
10014
10055
10056
10017
10050
10051
10057
10055
10052
10058
10029
9830
10023
10042
10058
10044
10072
10027
10071
10074
10049
10009
9850
10072
10070
10007
10074
10071
10057
10075
10072
10026
10074
9845
10072
10071
10014
10023
10015
9839
10074
10013
10017
10071
10068
10005
10072
10070
10075
10069
10079
10074
10073
10072
9827
10074
10071
10081
10072
10079
10076
10075
10074
10077
10071
9845
9834
10070
10083
10079
10084
10026
10075
10071
10081
10079
10084
10083
10070
10085
10084
10075
10079
10068
9839
10083
10007
10084
10069
10053
10086
10078
10073
10079
9850
10081
10083
10075
10087
10084
10085
9852
9845
9814
10054
10080
10070
10056
10084
10013
10079
10087
10076
10083
10077
10081
10084
10086
10091
10087
10075
10083
10085
10090
10070
10087
10093
10082
10104
10092
10088
10105
10091
10085
10083
10087
10005
10090
10089
10087
10104
9834
10093
9839
10081
9830
10086
10105
10068
10091
10106
10069
10107
9827
10073
10087
10070
10085
10104
10091
10092
10105
10106
10090
10081
10107
10093
10086
10085
10076
10091
10077
10104
10106
10090
10088
10107
10105
10093
10091
10089
10092
10078
10085
10104
10106
10081
10068
10086
10107
10091
10105
10090
10069
10093
10080
9839
10073
10092
9850
10104
10105
10090
10106
10093
10086
10107
10076
10104
10077
10105
10088
10106
10107
10090
10089
10104
10092
10093
10105
10106
9814
10107
9852
10086
10104
10105
10082
10106
10092
10107
10088
10104
10105
10106
10107
10089
10068
9834
10069
9827
10104
10105
9839
10073
10106
10107
10092
10078
10104
10105
9830
10107
10106
10076
10077
10080
10106
10107
10088
10068
10069
9850
10089
10073
9839
10076
10077
10088
10089
9827
9814
10082
10078
10080
9852
10068
9839
10069
10073
10088
9834
10089
10076
10077
9830
9850
9827
9814
10082
10078
10080
9852
9834
9850
9827
9830
10078
10080
9814
10082
9852
9827
9834
9830
9850
10078
10080
9814
10082
9827
9852
9850
9834
9830
9814
10082
9827
9850
9834
9852
9830
9827
9814
9850
9834
9830
9852
9814
9850
9834
9814
9830
9850
9852
9834
9850
9830
9852
9830
9834
9850
9834
9850
9852
9834
9850
9852
9852
9852
9852
9852
9852
9852
